906
358 397
19 710
174 198
569 232
688 494
58 11
479 562
164 268
367 269
297 371
82 59
124 235
251 102
671 173
73 500
532 615
276 236
369 240
263 86
223 319
307 63
245 377
122 408
103 95
58 523
266 336
53 704
128 23
85 885
35 216
699 368
9 592
272 152
634 487
8 109
35 148
561 53
845 567
646 60
838 528
456 164
309 54
138 865
4 114
895 416
498 563
174 273
408 799
700 823
625 428
21 124
502 250
539 245
476 553
580 150
80 288
93 864
368 422
205 530
473 471
224 274
636 521
879 166
256 566
736 458
362 243
670 337
107 552
345 398
676 863
81 22
130 146
903 795
62 191
744 663
465 787
93 192
19 45
134 99
73 83
30 12
457 167
45 661
27 125
410 257
792 667
479 282
177 682
121 101
369 560
23 65
136 5
567 414
30 90
900 206
463 127
58 174
582 38
372 298
52 376
424 9
241 83
407 357
227 194
726 723
8 2
17 203
462 273
52 3
341 483
368 662
291 110
231 434
142 63
119 720
273 630
389 221
260 162
7 21
680 512
392 51
250 409
49 144
649 875
13 27
387 126
395 835
689 93
715 55
51 168
801 464
294 382
698 580
130 629
211 16
862 209
665 380
431 13
427 357
79 6
7 400
188 195
859 710
24 429
162 156
527 503
141 640
144 616
143 172
66 89
871 810
119 64
86 4
842 898
226 334
245 296
696 765
279 232
47 84
267 340
746 82
641 478
451 91
64 208
714 347
638 512
143 878
73 165
51 158
740 432
349 624
177 204
445 517
468 442
706 517
490 464
38 694
263 751
252 412
411 848
361 518
563 727
451 515
574 271
116 301
425 403
93 105
315 76
13 26
82 237
274 602
28 68
310 245
70 248
188 49
318 573
830 587
32 650
15 778
59 135
437 454
525 220
26 393
141 797
135 138
30 49
808 292
768 324
521 130
128 557
542 781
259 384
84 193
72 537
143 149
2 55
763 712
64 221
819 856
565 32
507 257
609 84
33 25
221 470
423 199
90 613
420 110
404 268
419 137
149 391
44 401
836 303
67 58
685 188
703 461
328 618
540 167
866 311
135 464
414 355
332 654
855 888
581 60
241 277
210 45
166 239
869 854
110 469
674 844
415 722
666 274
63 47
449 86
435 446
104 224
556 304
130 116
335 860
267 126
72 45
125 777
58 201
604 147
340 783
184 95
38 73
233 418
453 172
99 601
78 37
833 526
75 49
290 283
9 7
828 549
130 465
19 37
437 22
11 6
178 87
81 117
858 467
832 375
215 99
159 321
178 337
626 609
839 307
238 148
28 66
24 107
520 92
251 440
98 68
757 624
264 243
11 56
819 155
180 205
586 805
209 26
904 664
289 298
735 244
91 37
212 31
250 324
530 627
282 326
268 368
591 157
171 303
52 642
466 422
36 35
622 589
329 64
271 803
495 4
278 248
644 565
226 147
512 69
187 6
3 10
536 425
268 697
5 3
108 511
748 288
761 341
745 128
484 620
43 275
543 59
97 73
498 407
89 265
319 738
421 8
133 106
794 80
430 96
117 433
284 214
700 257
161 359
252 341
528 141
732 502
330 426
571 278
718 189
262 56
342 125
95 320
220 97
649 140
19 46
556 585
15 344
136 180
82 322
102 25
673 14
324 406
387 788
448 422
651 125
500 598
93 312
24 28
658 440
692 633
257 773
713 93
60 59
760 465
774 755
884 386
363 201
770 305
890 333
504 645
468 798
445 137
729 696
325 853
194 134
38 87
54 33
426 621
623 73
88 13
111 27
93 65
358 170
8 115
712 204
335 533
657 610
306 195
130 196
169 25
185 294
551 22
282 402
426 564
3 29
96 366
223 696
584 660
126 790
280 747
741 807
857 211
817 52
354 695
406 846
429 513
6 50
632 457
555 413
656 36
14 106
72 232
471 110
203 348
288 590
130 493
543 870
842 811
508 267
220 355
755 531
549 707
543 776
143 67
250 63
281 478
462 631
354 290
723 123
317 305
606 295
41 5
901 312
5 71
470 893
123 81
247 144
319 476
503 679
90 370
23 229
33 118
719 144
728 96
18 9
254 854
530 647
570 287
378 348
250 353
218 458
439 734
379 36
608 246
179 108
281 78
273 771
101 549
352 313
579 286
1 7
24 42
133 347
43 6
22 12
49 472
558 277
353 535
36 160
163 780
181 95
22 880
318 137
224 299
269 170
411 94
415 132
442 477
151 182
273 663
266 98
213 791
435 117
693 297
756 508
356 189
532 708
433 526
15 14
837 357
559 462
510 156
69 31
686 371
460 227
197 117
94 261
506 188
373 367
867 395
100 116
95 186
112 36
108 730
142 206
111 381
497 684
458 877
280 166
48 37
345 196
233 39
92 48
764 446
583 357
761 812
290 896
669 524
615 653
252 42
445 596
102 443
468 531
627 822
309 610
102 240
110 99
619 51
108 139
850 405
578 119
516 132
120 15
33 486
584 149
9 818
69 287
467 250
593 120
42 350
72 236
484 460
524 164
335 175
122 69
597 467
510 594
492 95
304 191
33 385
219 176
74 99
882 207
61 171
687 277
206 489
242 8
127 428
702 428
43 886
153 93
721 122
108 889
668 588
444 664
635 453
643 420
648 340
829 158
24 18
811 309
28 762
55 129
59 85
95 79
140 154
539 690
332 639
892 47
399 480
167 135
265 545
302 759
770 891
813 5
386 61
821 197
739 33
395 105
138 758
313 529
357 344
222 231
659 568
57 21
34 32
159 100
754 59
133 228
110 145
608 784
311 182
141 43
74 338
808 831
78 131
286 23
6 16
380 881
237 246
168 285
538 360
61 600
202 163
741 105
674 657
61 52
873 48
554 872
155 11
293 122
874 153
325 135
815 381
296 603
7 13
113 6
775 577
375 307
323 128
115 270
542 495
234 78
547 241
49 176
506 514
69 332
804 126
282 48
572 25
159 672
383 225
147 66
4 19
847 152
789 693
183 2
505 861
678 241
444 310
91 161
48 77
694 883
519 313
11 44
22 577
254 47
876 703
379 447
177 170
534 242
548 50
200 26
339 300
172 190
595 500
550 40
289 21
253 314
41 132
137 253
93 628
376 868
109 327
166 3
394 605
389 532
366 589
475 272
487 470
31 19
894 355
602 725
667 480
256 89
390 187
851 417
47 283
330 323
750 422
140 32
546 105
439 206
814 9
243 170
150 18
322 374
643 753
103 826
168 360
6 51
9 156
897 148
701 381
496 418
300 205
855 623
9 343
53 42
17 7
416 96
313 141
17 23
80 213
114 802
749 301
79 588
48 94
9 170
101 4
767 94
491 332
496 617
157 840
771 793
522 132
905 559
3 2
766 509
222 188
333 322
98 175
32 5
137 365
494 151
2 59
795 516
1 199
282 505
178 586
568 204
371 691
843 353
262 302
834 643
2 4
394 138
441 247
599 589
382 405
330 633
481 145
46 104
63 225
782 244
110 796
26 501
906 472
35 76
214 44
158 249
57 711
335 503
800 313
195 399
272 305
241 396
30 38
349 178
29 258
245 541
156 824
786 159
742 157
31 173
448 576
11 40
48 70
731 686
398 544
64 413
433 611
677 292
223 119
217 161
482 172
351 13
554 524
241 488
56 100
178 504
724 448
119 151
6 2
19 164
899 235
827 314
20 6
172 769
284 676
11 12
849 113
334 364
84 806
18 25
163 107
215 737
816 349
108 86
85 255
580 841
655 440
779 729
10 244
501 785
439 614
74 66
849 902
717 556
403 349
1 2
362 438
93 185
137 12
743 165
820 233
432 420
269 450
295 15
38 126
365 509
497 33
152 26
245 26
337 637
119 218
442 37
271 7
504 709
469 825
488 612
259 217
27 39
333 772
97 607
575 498
455 193
705 212
652 644
361 95
152 417
698 752
88 716
436 178
87 474
230 204
587 406
222 810
14 1
491 681
34 47
64 6
257 176
468 499
225 292
733 508
631 809
127 61
452 318
227 675
683 337
779 852
309 459
107 328
157 136
380 143
