906 1007
818 471
666 632
19 604
273 617
581 785
715 66
313 595
159 463
22 19
107 698
846 161
766 112
130 307
199 247
435 885
103 512
285 466
69 89
560 152
145 11
854 848
779 55
193 136
813 423
555 152
447 736
854 160
628 346
751 438
496 712
403 796
49 28
626 128
112 62
472 368
530 324
605 768
342 878
819 184
1 613
492 63
241 739
655 519
639 386
340 466
614 231
351 895
231 367
742 563
822 655
167 725
579 643
16 845
396 825
221 364
475 784
114 105
882 511
61 452
216 608
105 838
311 839
6 101
773 725
63 156
271 876
822 813
197 710
347 97
322 20
622 716
7 510
283 267
752 15
124 576
225 22
583 712
745 121
143 12
677 843
141 590
272 515
720 290
580 827
451 437
822 9
42 622
230 302
537 419
634 684
178 257
55 688
775 495
802 434
498 495
700 490
456 213
209 457
418 372
474 511
777 733
719 711
898 738
436 549
142 671
656 787
535 621
352 311
532 279
15 363
677 657
70 193
229 903
187 364
376 259
209 258
232 97
776 243
153 859
584 157
835 656
136 667
153 739
188 550
298 776
25 490
151 179
319 135
141 728
28 146
610 414
716 422
891 422
419 904
386 47
556 468
221 386
837 760
544 287
32 708
263 444
263 779
701 726
291 113
397 842
368 691
747 269
323 344
659 251
675 463
491 424
7 224
358 550
12 851
502 224
553 797
182 114
528 629
117 101
317 440
539 389
76 586
578 165
712 229
3 42
397 286
317 283
707 824
381 817
371 210
778 75
357 811
767 548
173 665
880 587
878 365
658 543
82 125
600 360
759 719
804 67
280 835
191 99
424 58
496 705
360 739
460 404
345 158
355 739
676 901
699 719
50 622
622 295
720 82
875 576
677 697
687 669
310 53
858 160
644 884
123 291
602 88
232 630
148 442
315 751
701 404
820 353
541 92
410 713
169 234
184 65
369 346
230 634
338 10
207 588
682 463
158 250
528 266
690 825
677 721
859 661
410 866
878 59
825 173
179 322
452 294
149 304
837 161
392 523
660 283
532 720
472 160
664 275
154 571
326 612
337 74
71 749
308 33
566 398
292 501
849 184
507 497
803 126
281 436
144 78
373 7
330 648
650 261
707 40
458 330
320 825
91 879
264 68
457 566
802 65
113 735
321 77
621 39
174 783
312 770
236 203
70 750
775 599
400 646
561 326
84 897
281 411
54 455
150 296
836 419
792 673
658 670
876 814
645 489
68 551
856 552
52 793
747 542
251 231
278 361
270 370
792 604
660 459
124 712
800 569
329 843
5 838
598 445
563 717
422 571
134 684
824 843
366 886
816 689
389 772
756 844
152 209
89 888
132 177
803 43
638 604
578 685
132 793
518 661
750 789
558 142
740 789
89 67
30 774
596 749
62 444
196 721
795 493
553 906
362 167
868 473
814 349
74 481
183 76
308 73
286 633
452 160
112 17
179 159
378 174
233 814
108 379
631 520
170 493
775 237
378 259
782 525
363 160
168 382
142 79
168 487
121 373
605 281
593 878
470 768
30 539
643 264
452 508
537 900
484 840
259 311
199 582
197 820
525 817
34 552
38 594
476 698
600 875
753 283
549 637
726 542
695 356
188 804
196 742
712 75
388 88
795 812
402 324
524 184
469 521
250 446
68 729
810 567
805 673
564 591
491 690
846 746
302 650
897 12
745 776
20 795
727 2
170 597
425 671
727 439
117 359
295 191
579 27
557 235
532 122
222 165
110 773
329 431
631 476
627 890
156 278
537 268
705 808
532 233
497 185
818 585
5 379
1 669
209 720
584 596
193 574
601 125
628 867
488 97
662 442
409 697
511 484
513 455
469 614
246 106
43 787
878 157
79 871
592 774
377 112
474 207
531 595
65 461
581 300
535 413
513 207
557 806
416 432
55 320
142 448
109 681
499 279
611 241
473 694
653 853
99 494
577 146
258 647
720 555
874 62
879 568
210 140
578 370
361 866
541 154
557 730
429 774
269 398
438 615
874 500
829 675
494 803
817 269
664 180
101 125
446 333
841 647
451 352
112 107
390 516
128 654
218 637
330 300
665 583
117 361
600 136
817 249
731 31
830 57
186 685
679 15
153 330
855 19
512 123
383 29
335 130
16 103
567 648
83 517
705 709
899 210
701 407
73 286
860 570
661 12
152 352
576 119
140 798
94 859
459 689
710 317
153 837
677 507
782 807
636 744
772 149
1 611
650 492
665 21
879 430
410 276
265 906
258 189
646 455
671 448
590 166
665 626
2 21
502 410
634 483
438 110
186 663
471 660
550 645
275 736
299 340
78 151
655 698
890 594
660 589
51 508
397 99
190 595
820 444
193 690
574 732
399 269
375 832
680 767
230 139
871 758
117 621
92 652
307 710
514 63
576 403
892 515
636 861
393 844
792 233
264 46
387 345
667 756
173 184
866 464
650 295
696 520
370 581
825 103
271 900
21 326
635 447
37 380
63 512
724 846
904 100
448 577
440 23
808 599
89 434
692 852
647 295
806 291
170 231
587 129
505 334
65 308
844 134
484 888
436 457
355 474
274 318
151 440
588 771
247 313
316 370
508 849
733 827
126 756
448 484
562 322
299 480
141 615
855 730
599 332
242 680
541 516
504 672
1 351
549 766
327 693
662 888
772 403
815 857
697 722
411 623
569 696
225 250
649 414
203 173
871 863
32 789
340 117
224 525
720 353
364 63
645 653
51 886
552 400
502 127
54 606
454 285
462 31
149 117
903 88
119 347
7 123
711 849
121 550
648 211
745 119
540 789
602 69
507 214
475 734
304 403
816 652
625 817
117 632
599 153
222 507
579 422
490 842
324 199
530 484
833 168
294 823
841 433
25 884
300 431
553 211
58 486
684 809
860 614
654 753
221 871
749 258
698 822
403 671
385 594
803 255
606 362
556 177
632 183
665 194
155 703
46 450
4 111
85 526
831 235
79 760
568 658
367 628
241 256
505 646
880 738
440 36
128 447
672 585
542 708
773 599
97 363
701 368
36 102
650 328
433 531
32 565
479 731
900 622
354 458
765 439
405 906
230 437
781 766
636 538
747 785
575 778
466 448
676 704
360 237
197 48
192 77
831 817
559 203
219 874
243 643
185 878
297 50
743 328
352 26
118 3
445 465
615 47
149 188
304 509
592 731
446 650
178 275
455 151
555 711
619 109
265 826
516 284
128 111
192 886
208 9
33 14
520 11
102 287
369 584
296 479
429 581
630 51
229 532
326 386
860 813
278 488
391 561
619 669
407 754
523 135
551 733
903 512
257 473
205 145
672 25
269 612
548 407
676 859
218 676
704 288
316 301
643 860
604 108
617 537
852 155
516 496
23 601
254 459
464 825
343 782
839 720
349 461
270 660
182 513
260 33
353 153
136 204
322 511
296 630
667 82
455 525
863 342
324 368
859 336
808 275
410 302
215 689
718 765
73 538
61 487
166 391
524 875
19 262
136 779
696 548
842 405
585 274
34 248
513 640
819 65
745 358
344 159
819 339
360 558
462 354
591 88
136 290
139 538
844 448
125 606
870 540
455 417
112 509
601 578
646 382
417 882
271 649
329 434
207 558
802 100
581 360
598 606
164 477
594 397
342 34
346 372
133 554
26 192
906 845
486 406
660 669
627 352
760 835
614 178
697 686
783 787
494 756
133 604
34 603
751 15
13 365
789 318
392 451
811 25
641 25
285 901
560 355
597 738
331 250
73 893
513 200
749 275
660 74
417 70
901 60
289 62
734 856
278 820
839 380
424 280
108 801
515 781
82 238
840 234
279 759
39 68
800 523
17 707
423 72
516 447
769 212
823 580
148 409
82 255
262 242
24 110
792 870
204 891
332 134
211 325
150 883
334 175
869 559
354 12
589 680
867 240
382 729
72 193
871 119
530 874
231 788
832 91
508 36
751 663
627 38
49 359
32 313
671 805
251 38
58 866
247 180
241 85
641 902
40 146
770 761
205 222
363 719
325 765
438 853
540 344
8 173
300 846
555 677
418 53
650 521
272 764
16 321
713 637
204 593
193 361
24 509
281 578
318 132
851 180
356 335
429 171
254 108
806 169
388 540
536 407
825 4
41 655
461 814
13 243
649 342
351 207
433 767
549 410
766 525
592 251
288 512
866 35
178 380
477 106
535 749
48 845
392 303
797 54
104 848
116 25
853 214
673 781
268 896
203 579
33 847
294 35
730 264
156 884
721 694
663 203
166 721
148 497
838 110
303 438
818 67
76 526
689 332
427 709
125 671
806 160
432 257
360 830
126 746
486 205
649 351
729 413
224 163
335 581
516 161
93 452
698 761
588 104
742 755
156 703
181 367
38 680
275 795
301 675
267 72
476 855
9 540
391 716
310 370
662 903
806 685
707 508
527 426
302 886
295 404
43 721
159 242
596 117
303 99
707 426
297 758
413 661
226 256
97 904
612 492
70 428
51 224
726 801
805 669
273 658
858 376
564 492
446 879
519 591
271 258
762 576
630 26
347 819
346 866
875 756
721 548
577 749
154 688
538 275
200 48
260 363
102 120
