1000 9901
391 564
413 28
380 81
971 542
470 215
32 367
546 32
976 470
158 298
464 762
472 789
404 607
769 959
402 64
938 30
631 191
744 961
49 829
32 77
86 898
813 819
887 454
752 331
330 945
94 174
600 716
273 551
481 801
965 537
801 616
182 797
643 285
866 78
334 968
487 218
420 17
629 349
558 987
709 661
322 815
988 460
861 890
644 768
762 225
926 942
33 845
840 555
213 567
509 320
914 634
771 159
266 526
923 456
763 649
927 256
567 825
509 305
511 391
741 998
561 320
338 59
180 810
344 201
842 379
970 692
789 336
571 239
558 407
907 173
799 107
180 985
992 51
704 487
297 951
615 243
486 301
21 408
499 146
444 785
484 198
460 162
840 118
270 633
72 448
91 44
993 584
778 180
859 329
261 171
834 767
561 925
484 36
177 916
967 569
631 460
925 69
523 539
360 249
324 604
241 170
494 356
703 80
831 111
214 103
17 729
664 516
382 821
262 392
53 348
49 93
855 603
919 510
961 44
468 980
256 784
60 302
813 936
192 926
80 298
415 732
571 666
183 592
19 563
528 695
196 973
468 170
343 814
877 434
880 154
611 794
102 403
925 860
396 14
269 792
1 602
53 897
22 176
850 465
499 645
740 845
500 234
96 177
396 413
681 377
932 346
533 925
98 524
743 124
952 516
162 273
418 903
805 617
954 309
380 725
806 985
823 85
789 229
495 4
813 159
997 834
101 157
767 936
10 265
518 646
580 205
566 104
380 955
751 164
57 392
93 602
25 938
997 839
211 915
158 142
518 158
385 562
411 6
345 310
308 174
630 889
669 179
542 967
312 668
565 962
420 695
557 606
118 444
765 667
595 775
366 318
721 349
80 355
742 693
489 785
19 256
386 517
994 421
716 974
339 543
835 610
153 579
948 131
905 428
731 930
203 333
903 782
812 57
343 861
217 345
715 502
681 42
153 734
373 38
51 92
283 322
514 474
382 780
109 556
222 853
706 542
121 38
47 266
503 852
370 895
187 415
926 998
174 139
16 101
115 945
483 949
870 771
713 68
789 295
556 502
921 151
206 139
561 392
482 864
340 597
783 981
879 672
534 453
367 380
573 545
685 39
318 592
319 505
146 865
127 540
96 160
243 51
579 495
964 113
177 353
586 527
432 994
681 785
405 881
9 440
319 223
387 488
659 594
953 369
55 753
612 658
78 274
831 368
285 76
927 941
489 689
493 233
21 690
246 547
837 944
458 447
54 442
133 57
544 624
318 127
602 170
506 263
517 835
440 233
259 623
995 345
63 265
415 848
531 987
859 422
492 325
611 265
556 638
764 505
985 508
434 330
234 968
398 209
824 336
442 833
126 776
127 134
338 750
490 565
91 766
791 763
938 861
264 866
563 328
360 653
165 44
204 518
320 11
728 184
122 395
913 26
218 870
274 724
849 932
204 661
886 89
41 747
709 688
325 167
110 967
858 892
97 200
96 736
219 550
460 65
50 254
415 458
553 237
426 913
443 21
790 163
102 298
145 611
917 261
405 465
906 534
339 341
658 675
993 208
131 545
182 156
989 260
497 590
187 246
850 74
893 1000
980 261
552 704
382 375
663 564
266 122
103 523
710 625
604 236
628 154
132 647
133 746
318 686
466 613
51 881
786 644
289 932
107 861
200 329
698 456
518 215
168 999
371 736
797 260
569 775
638 870
397 950
933 708
630 822
441 978
492 356
703 179
960 861
38 216
485 281
428 719
930 393
308 21
60 694
961 293
544 267
636 97
907 955
468 723
181 858
380 423
53 327
471 984
152 936
353 381
913 331
145 225
997 509
754 295
222 465
639 608
216 138
92 997
809 923
522 560
946 356
286 989
752 219
438 648
610 217
79 654
26 262
615 584
579 718
471 906
844 538
989 211
11 567
654 303
296 943
761 189
45 780
158 565
529 199
550 735
992 871
899 469
867 553
227 966
451 474
931 964
490 124
484 397
404 844
666 27
580 421
799 197
441 449
97 295
82 53
449 862
470 564
452 71
348 144
259 340
150 410
499 228
707 971
889 940
270 719
148 175
44 8
82 343
458 998
664 133
39 599
146 847
581 704
765 35
33 490
141 991
290 507
350 699
189 743
65 569
82 633
356 104
211 871
565 892
488 416
241 216
259 905
42 283
777 836
155 552
857 438
308 122
57 190
811 101
719 185
542 471
191 271
599 130
68 602
521 216
800 897
817 805
855 282
721 385
481 612
83 920
445 1
818 541
375 320
252 525
204 872
5 361
93 484
855 305
454 224
867 137
553 177
84 165
605 517
400 172
334 549
689 746
687 99
895 204
951 686
143 925
349 248
303 915
294 603
745 787
653 992
306 141
568 584
273 476
224 270
154 105
15 911
608 740
330 406
651 400
689 805
62 801
908 1
488 546
606 802
188 911
524 113
515 270
654 839
182 68
921 571
868 611
798 370
162 496
551 622
241 521
77 227
889 495
906 915
125 247
589 264
671 611
827 383
646 977
81 113
469 414
137 295
120 489
236 293
158 143
859 14
287 553
860 210
427 154
946 902
379 229
971 473
309 146
275 30
635 916
947 528
621 665
234 819
458 591
99 371
377 336
252 307
327 419
311 830
671 533
356 926
716 81
972 171
467 469
87 720
421 12
4 228
504 590
950 729
292 319
994 433
79 721
135 675
118 121
247 927
919 849
997 983
494 812
98 493
505 469
161 801
92 755
843 269
3 66
136 609
429 164
912 130
839 985
932 205
737 883
776 593
724 111
905 819
232 869
853 589
55 159
828 413
956 330
44 396
561 318
580 622
687 458
379 871
491 917
443 214
309 997
414 437
842 432
663 674
478 809
153 429
817 118
780 894
570 294
684 482
777 704
850 331
291 77
876 806
8 914
940 11
375 934
232 176
604 184
347 129
310 823
976 831
116 962
33 402
333 592
958 882
975 944
163 640
5 237
498 785
918 505
255 899
492 311
475 515
829 592
481 962
392 77
677 524
180 244
459 23
846 673
599 315
13 948
160 104
895 576
274 416
757 623
369 870
194 331
433 513
910 45
179 37
52 861
919 289
18 197
529 303
930 806
348 555
443 729
482 161
894 19
487 176
862 68
26 338
905 589
873 756
197 491
71 454
538 297
829 246
929 826
359 75
767 94
643 110
918 436
300 891
892 969
417 689
680 233
934 674
228 661
656 114
533 980
241 870
194 713
336 574
45 90
818 474
20 872
781 614
15 567
628 116
63 795
525 562
618 832
381 164
552 592
205 118
815 909
690 962
160 601
215 216
414 194
141 954
167 702
919 931
81 441
156 397
780 727
842 872
657 811
665 689
479 777
686 729
376 762
458 564
194 26
368 265
223 133
338 945
523 541
427 384
930 505
324 792
553 594
117 563
815 438
391 781
138 708
238 941
97 559
904 19
502 102
986 947
880 402
921 752
813 834
925 255
43 261
359 312
736 753
288 391
108 120
574 357
633 687
426 972
321 705
605 593
995 641
409 294
763 429
503 878
70 87
457 302
334 744
705 276
989 541
307 696
709 292
343 618
325 43
53 988
520 927
344 555
506 978
326 911
662 85
203 635
373 416
102 166
528 9
2 864
168 392
650 564
822 286
950 195
133 555
180 500
599 744
357 205
86 517
267 221
713 381
534 381
223 660
849 365
580 235
713 462
915 902
789 929
737 464
295 152
268 399
63 140
229 148
345 431
237 905
613 254
65 568
707 121
29 925
363 831
787 305
840 723
740 247
688 282
910 681
108 521
152 743
997 369
798 866
947 676
601 272
566 462
228 348
860 687
475 587
207 740
299 665
854 53
852 61
87 606
968 728
459 991
255 873
247 148
382 867
297 396
491 334
971 120
259 324
903 919
726 994
231 384
566 667
92 970
377 976
187 550
153 634
461 624
416 744
109 582
224 400
350 304
443 894
351 537
689 634
211 138
235 240
642 336
184 850
10 646
905 790
139 502
286 619
490 462
533 554
40 369
66 63
757 12
6 602
7 311
338 138
876 398
383 58
453 363
562 189
763 772
654 725
936 986
884 48
701 582
963 419
28 912
515 414
993 904
614 120
742 13
433 77
638 114
15 623
346 338
538 852
333 120
560 132
524 295
985 953
307 677
827 382
613 129
101 125
35 812
855 68
790 3
161 184
309 96
793 797
693 138
270 373
960 791
189 635
838 776
506 737
821 118
806 490
935 210
294 222
422 483
333 700
264 925
531 961
965 231
351 40
812 558
796 427
355 61
568 186
414 726
573 455
62 164
378 249
485 803
514 775
736 923
806 39
644 134
331 133
648 65
406 689
561 391
717 988
874 889
913 163
718 910
60 545
527 888
91 535
770 991
753 829
510 225
857 879
677 60
516 382
790 373
442 495
478 481
745 782
321 570
766 660
904 172
738 173
982 847
761 116
639 127
732 947
416 993
684 331
867 608
702 62
103 178
750 859
749 892
140 783
159 253
681 629
278 645
528 224
175 775
715 786
602 370
607 768
137 608
618 107
357 5
450 489
682 716
133 756
959 312
907 469
432 819
458 831
699 855
811 881
941 750
191 19
216 709
315 991
890 653
800 637
998 624
780 643
566 148
270 337
722 622
781 891
428 741
820 231
802 310
806 278
165 406
113 941
350 914
706 154
847 895
739 862
521 23
298 152
691 739
86 235
990 877
295 301
8 13
525 545
857 56
549 850
353 489
47 101
912 434
749 395
554 139
57 689
666 577
539 245
874 748
247 610
430 454
213 830
948 391
416 528
596 369
335 463
302 252
89 753
842 17
71 449
473 594
963 162
481 111
714 87
883 628
562 99
304 383
927 297
586 109
54 655
145 609
560 512
228 662
409 20
301 94
968 293
55 19
77 503
217 623
893 885
803 117
664 909
276 467
108 138
480 382
906 886
176 103
690 908
414 33
698 244
435 966
475 53
607 868
577 817
542 829
232 286
462 762
272 665
537 163
873 27
466 611
108 768
785 989
825 856
20 62
169 668
155 977
363 850
489 696
717 107
275 488
744 151
753 351
132 3
811 123
464 366
87 452
569 61
934 327
772 358
107 230
856 866
375 457
411 424
754 210
702 114
905 172
691 767
393 384
517 71
991 16
208 641
429 142
895 1000
588 988
886 296
867 111
5 644
981 251
285 692
507 524
326 448
348 520
114 934
939 667
889 276
407 897
892 665
438 569
761 210
374 335
925 885
987 784
680 936
623 904
365 648
666 327
690 65
804 457
244 158
649 764
573 274
93 911
757 472
561 325
500 951
817 392
440 867
225 360
79 381
755 808
549 382
561 39
504 69
632 140
300 825
379 509
492 692
517 709
609 684
827 341
702 579
884 354
962 436
10 25
914 70
141 989
776 726
664 54
114 213
538 531
996 203
337 818
726 436
983 479
109 334
994 706
989 810
385 580
481 815
741 153
264 787
953 479
930 312
471 664
807 98
424 601
775 448
726 150
602 96
750 24
241 56
276 521
960 554
686 980
156 39
194 410
780 451
307 181
215 516
221 967
97 729
646 454
227 808
833 205
601 857
506 31
753 909
184 279
188 359
557 938
503 446
490 523
457 322
293 44
754 194
153 633
392 890
457 962
230 633
691 505
584 871
383 85
311 408
826 940
957 390
908 846
676 498
148 811
455 508
813 583
690 146
307 923
314 654
520 813
56 711
689 970
748 307
220 244
232 666
908 3
124 920
110 735
837 992
408 357
561 353
300 211
429 497
893 844
556 412
377 321
193 982
837 389
784 287
824 796
128 787
435 913
269 576
466 838
710 556
695 152
413 191
328 841
28 132
993 900
637 26
711 759
161 191
768 65
16 742
651 828
82 413
806 408
219 286
622 144
659 134
906 469
70 566
242 826
902 937
796 420
881 20
437 542
938 981
901 239
118 349
178 862
144 963
661 815
187 980
829 413
600 684
557 140
808 362
969 522
914 253
843 33
184 418
511 512
555 445
541 442
620 405
848 520
780 941
982 583
538 467
386 68
973 896
540 357
305 924
107 8
453 44
425 523
267 344
982 801
793 816
499 275
686 37
605 43
755 706
607 621
673 715
67 708
249 681
159 252
54 962
719 980
962 683
45 133
484 443
176 124
361 48
417 358
399 434
647 232
211 594
401 810
662 495
267 427
115 494
150 563
375 928
105 196
397 830
769 491
321 496
929 237
566 250
116 517
225 860
153 733
198 837
750 502
181 953
668 445
178 657
267 672
388 116
212 592
765 700
347 591
866 469
60 540
920 549
298 153
371 480
66 237
56 808
867 423
454 780
806 241
807 776
557 865
544 552
563 476
787 804
431 206
4 218
153 640
482 204
255 449
75 167
62 419
265 899
434 58
951 611
93 279
938 634
10 893
467 190
326 135
255 39
773 588
447 913
781 113
16 53
932 227
697 866
477 154
649 711
926 961
715 578
883 484
426 815
227 828
727 687
489 197
822 641
456 26
888 509
483 803
220 450
77 585
224 901
461 1000
49 238
582 400
159 353
543 15
121 748
822 855
732 468
698 100
882 457
864 836
999 677
522 310
964 231
323 249
181 251
963 777
842 918
886 675
100 124
138 785
786 933
164 785
185 474
539 743
371 515
579 230
636 124
873 598
490 882
968 702
807 863
114 370
705 829
778 675
730 152
52 908
532 406
551 346
350 169
565 139
947 921
251 292
658 28
507 926
678 91
293 55
134 809
164 292
759 110
921 615
244 586
779 833
925 963
104 530
344 656
995 643
811 263
947 292
272 28
866 940
429 234
322 858
641 514
344 958
736 384
808 13
174 581
762 348
211 462
999 89
305 53
311 123
996 801
707 686
561 112
172 434
999 319
769 128
892 391
719 908
977 293
883 761
909 612
548 292
197 914
399 490
811 922
902 503
928 670
394 214
470 789
931 261
825 778
242 908
262 993
870 266
124 424
811 593
589 242
452 251
42 375
663 827
354 677
848 824
342 450
859 84
591 533
251 451
449 264
912 928
820 809
927 759
290 728
365 116
20 305
583 762
394 618
358 811
697 403
365 5
555 93
938 111
479 13
852 745
320 394
262 557
263 892
626 426
19 232
57 925
701 476
194 942
381 809
563 487
854 186
469 136
739 230
957 163
99 135
687 782
501 231
840 911
178 778
216 105
623 600
718 944
863 73
387 314
322 621
514 579
256 53
459 652
353 129
615 617
430 511
892 702
400 62
563 931
502 413
400 77
580 996
615 847
942 5
836 520
736 428
845 710
681 381
476 111
742 342
413 634
106 252
903 379
214 654
295 972
417 488
71 831
771 925
186 167
888 53
104 612
563 543
286 154
999 653
86 756
715 872
607 814
918 975
560 823
237 585
958 635
375 991
380 951
860 329
450 141
738 817
391 747
897 354
497 203
134 139
53 105
751 902
919 858
591 745
228 449
928 503
30 347
17 552
113 903
111 404
243 516
869 344
247 84
433 824
341 159
252 334
140 177
900 244
299 647
946 630
490 842
952 219
350 214
616 200
69 630
342 938
400 493
91 662
517 414
383 437
88 295
355 269
874 871
156 810
568 625
130 653
786 448
398 906
729 691
305 770
359 467
306 221
70 2
473 628
183 801
790 267
761 137
743 297
544 340
643 119
581 303
49 406
840 615
587 543
269 649
261 777
499 274
391 250
26 984
858 855
767 133
219 915
789 291
976 758
941 40
580 504
449 874
524 961
586 809
988 69
14 962
212 515
831 521
851 327
230 128
953 411
291 284
651 236
547 47
489 411
327 943
208 317
634 799
751 810
676 536
551 924
278 951
772 991
349 976
320 822
872 355
603 501
417 48
272 861
926 611
189 556
945 634
12 791
53 77
716 259
788 144
497 115
761 926
632 530
688 292
247 395
143 124
700 783
60 686
886 614
262 602
411 828
15 182
660 825
866 466
622 911
417 564
294 986
985 113
173 572
598 231
191 695
889 789
730 423
514 664
87 870
408 883
705 227
745 974
338 524
568 293
553 55
239 828
406 980
443 843
724 424
466 360
925 879
386 41
4 392
888 689
745 744
53 965
595 298
871 489
233 429
409 835
951 433
130 213
630 406
666 3
850 292
427 637
709 111
201 478
776 779
97 287
794 495
410 500
239 353
738 512
33 736
270 759
936 547
333 173
410 662
654 941
436 650
703 756
885 753
816 242
48 434
46 925
431 913
54 376
937 884
773 390
283 87
450 237
979 718
697 148
327 689
841 782
864 931
574 249
464 465
46 763
212 919
654 76
345 370
751 958
432 187
259 574
422 478
631 404
82 947
47 967
982 230
750 2
631 261
63 297
313 825
108 710
164 752
610 512
293 468
701 439
739 892
207 690
868 344
854 159
658 394
472 137
460 474
891 902
231 409
715 84
950 797
682 407
791 795
973 660
506 219
348 522
520 213
829 53
290 399
249 187
507 767
793 604
443 855
780 366
838 60
272 29
236 358
41 848
5 821
822 576
326 883
257 792
404 985
865 462
230 415
748 344
107 352
689 339
448 540
432 433
54 362
55 113
862 611
349 340
283 842
816 992
915 685
715 847
332 553
235 822
567 454
651 167
733 895
260 903
771 491
530 243
987 252
471 455
132 525
294 564
724 725
699 913
276 838
295 106
940 349
941 564
96 389
673 830
478 186
323 357
881 691
972 846
275 6
665 765
371 625
542 72
583 612
470 103
327 298
665 515
336 135
169 8
873 928
142 965
345 255
398 115
644 399
367 586
722 711
30 542
859 482
271 272
97 735
204 789
332 290
744 802
230 797
601 863
85 118
291 747
899 1000
277 836
903 912
730 492
729 387
368 101
737 869
714 824
326 34
973 777
478 377
246 245
476 330
792 997
361 542
54 555
291 807
348 780
687 322
391 374
796 548
14 537
98 662
108 743
689 857
687 306
398 925
940 878
962 978
145 952
663 666
386 418
38 839
814 802
374 789
103 361
201 481
202 906
242 226
922 387
444 835
211 696
858 517
641 41
664 886
721 891
427 546
823 886
845 154
851 633
92 605
794 112
358 539
219 483
385 565
479 829
228 115
377 799
319 900
582 778
877 666
219 272
886 744
34 647
753 357
402 995
294 63
830 483
108 767
56 34
744 911
891 96
752 426
950 955
476 746
259 276
574 34
562 935
65 69
912 906
808 507
459 845
446 379
728 306
249 669
38 259
999 988
895 799
75 778
439 293
773 709
338 440
446 951
89 666
348 865
448 823
309 890
849 861
406 240
67 936
361 651
732 910
951 428
59 220
864 99
135 867
301 119
124 958
909 888
932 431
721 564
793 935
888 483
799 153
361 421
757 271
449 794
676 827
954 69
93 663
314 228
775 49
707 903
11 140
588 919
426 559
712 951
148 99
918 603
541 300
29 800
397 828
295 93
809 261
411 608
272 520
219 463
592 867
116 637
561 984
431 722
271 5
189 412
145 91
299 452
281 849
909 291
755 463
414 678
630 632
833 282
46 558
946 539
387 140
74 686
492 209
175 910
601 151
148 93
217 158
736 954
734 341
660 536
907 389
562 730
156 783
812 68
37 28
58 786
38 303
639 425
587 194
680 800
164 145
167 814
990 29
773 569
139 597
479 616
841 371
804 321
805 232
460 891
372 472
343 578
645 640
81 727
637 84
340 691
589 823
295 684
893 641
519 821
344 706
791 408
617 711
928 918
301 236
999 277
837 458
606 649
702 840
224 903
188 546
818 425
204 305
309 274
862 934
665 490
337 41
154 609
564 792
654 946
219 13
707 240
427 82
55 720
901 720
404 344
708 238
488 73
877 721
289 40
678 514
574 755
409 312
281 700
48 657
108 545
878 69
294 138
721 254
553 800
341 229
825 168
920 660
904 313
892 789
82 835
87 131
105 738
434 408
968 672
808 661
178 917
490 899
98 373
163 755
994 275
355 247
265 707
442 721
74 843
725 18
999 919
201 686
610 210
256 953
316 105
819 66
748 36
567 736
648 378
770 217
606 41
18 558
387 383
118 839
945 313
908 139
582 54
566 343
876 279
269 895
718 534
221 70
421 535
49 477
607 534
738 451
76 833
810 967
409 870
104 131
747 288
894 81
340 665
595 148
45 902
750 624
676 883
224 786
478 907
483 575
599 853
410 747
596 827
660 207
418 206
717 298
129 769
12 939
85 576
252 215
451 484
769 465
574 540
560 506
281 751
998 428
765 431
379 891
129 547
891 377
817 503
506 713
52 221
215 803
971 385
204 48
287 635
216 478
12 943
821 143
574 969
423 999
375 430
355 57
385 36
226 826
579 994
601 862
179 496
198 316
844 454
520 404
204 869
978 848
8 200
28 155
964 959
587 428
776 205
744 705
84 744
359 344
970 143
43 689
666 644
259 102
540 237
403 839
758 81
265 810
784 854
838 25
568 589
642 300
956 204
371 468
46 60
838 168
469 699
20 607
774 704
979 2
489 242
988 204
275 907
554 79
758 994
943 532
955 838
943 308
499 86
580 277
85 913
659 862
146 887
37 842
828 587
333 227
430 667
215 131
876 831
531 174
99 954
940 28
176 177
767 551
423 71
246 942
604 832
162 239
401 621
521 396
974 374
733 661
440 100
773 366
150 999
156 352
30 345
126 726
696 789
536 254
419 962
504 608
812 667
338 994
549 600
121 209
53 265
496 154
494 501
223 217
668 378
786 141
414 730
551 399
463 543
499 960
350 103
667 291
835 761
106 651
51 6
493 613
543 479
387 8
639 436
431 977
75 781
580 806
108 211
18 743
918 306
634 391
13 416
328 462
499 359
541 842
193 740
802 714
509 258
663 475
375 921
614 431
690 407
470 663
770 31
775 786
63 524
963 498
853 938
693 645
965 160
569 911
344 662
831 523
906 862
465 390
832 157
751 480
366 68
764 621
430 695
147 447
78 229
379 422
966 820
125 502
963 78
655 908
533 480
275 464
42 355
9 156
797 427
695 524
552 806
497 113
80 39
872 3
5 121
530 456
469 108
380 409
739 834
242 406
759 415
942 933
120 782
1000 374
468 820
344 506
587 278
420 951
41 876
186 817
173 681
226 602
449 129
952 872
517 496
65 465
193 132
356 752
984 185
178 208
611 122
994 110
300 707
905 487
247 638
966 136
714 881
970 199
883 858
283 292
467 67
696 870
469 529
698 717
678 367
114 864
266 593
533 765
75 535
850 566
830 645
944 724
240 764
784 45
561 553
20 535
374 307
258 412
728 892
379 774
694 467
969 240
92 97
954 260
738 431
701 537
723 449
724 878
887 954
680 268
940 966
392 756
135 100
414 37
387 748
475 9
183 376
96 322
599 688
929 428
693 443
38 704
749 949
538 648
546 175
312 265
938 453
426 241
320 788
111 232
114 60
105 455
911 187
794 835
359 883
986 235
191 358
640 276
751 670
330 710
921 985
648 831
228 597
429 658
714 544
880 312
311 658
672 20
104 357
982 305
420 588
79 743
203 84
451 900
756 230
737 611
350 462
421 891
732 674
200 856
606 159
59 456
795 508
49 754
527 557
558 184
453 80
393 550
866 939
843 993
527 594
271 328
583 809
577 725
425 576
33 823
269 719
606 840
935 818
990 427
940 644
135 170
473 254
140 892
344 735
101 273
959 991
58 68
300 9
798 280
160 668
339 747
488 136
345 513
845 244
818 762
3 891
688 49
954 860
798 142
633 489
78 332
315 938
447 185
547 711
272 935
29 678
391 963
48 702
654 81
489 540
364 664
368 731
935 37
973 370
23 100
584 687
233 519
713 781
825 203
782 283
565 137
198 418
181 656
420 632
373 696
778 578
139 976
449 216
772 228
969 897
556 185
299 954
982 349
839 60
53 583
184 394
406 281
155 27
598 301
231 268
503 555
970 140
623 714
438 622
683 609
192 4
106 950
696 404
187 283
324 119
378 298
942 409
193 622
342 992
842 85
680 904
18 531
849 887
975 211
813 724
61 431
743 151
727 882
512 833
782 625
72 984
698 628
991 581
776 522
852 509
528 475
842 311
664 555
622 601
345 978
948 959
286 862
419 171
214 299
315 266
318 959
230 155
379 703
237 693
494 692
229 465
211 925
158 983
585 329
713 284
480 681
392 539
932 585
662 438
785 926
82 708
135 338
673 879
565 809
34 931
570 209
733 611
973 52
940 323
262 851
873 864
780 660
234 682
321 471
739 329
910 654
33 234
329 787
260 455
638 642
942 799
981 891
820 191
839 365
489 905
952 111
950 526
437 745
955 868
249 981
736 556
197 12
570 533
877 337
60 491
48 619
887 22
89 77
531 162
56 258
494 724
835 897
930 796
127 274
795 550
718 721
505 110
822 613
53 716
610 155
991 266
44 725
193 473
142 402
736 621
477 1
596 201
28 525
321 573
785 142
783 655
314 686
225 89
399 827
466 421
709 487
837 178
527 650
864 368
337 400
528 455
71 655
645 844
498 439
853 621
174 364
237 135
665 99
851 804
439 905
278 521
548 383
721 869
3 802
208 304
124 226
470 848
16 695
860 296
574 586
441 78
546 251
638 845
621 289
849 74
371 698
337 894
87 334
801 7
155 534
997 291
963 879
790 908
117 936
372 78
299 343
659 953
610 635
839 735
377 644
623 447
19 776
830 255
27 254
485 834
342 949
402 374
481 279
209 768
490 591
198 148
535 271
61 132
513 297
784 753
892 626
986 763
917 955
903 760
706 714
588 746
809 211
973 928
985 465
761 170
245 505
110 953
559 328
620 810
577 280
306 478
185 727
455 835
867 643
634 378
466 24
92 98
392 870
284 780
340 624
489 90
487 707
73 283
935 623
999 356
323 991
767 920
897 28
680 412
42 637
519 509
833 926
483 517
210 311
157 348
33 342
107 965
751 372
170 658
986 118
121 865
530 873
68 824
531 576
659 631
362 541
401 667
21 366
262 904
949 194
532 94
113 866
334 154
194 229
782 482
877 864
21 398
565 3
475 613
96 894
464 754
308 387
977 564
965 529
701 293
960 737
227 418
909 719
639 617
285 542
19 430
833 6
821 621
473 919
499 915
886 13
559 153
234 412
809 190
207 243
529 47
235 10
435 508
667 185
904 597
927 379
123 945
288 746
608 735
810 675
760 266
149 341
616 878
102 201
158 591
771 788
274 868
893 197
427 602
373 426
563 662
140 893
59 388
737 159
846 363
22 377
461 823
979 838
722 338
306 548
915 686
43 411
245 529
564 847
486 293
76 545
628 86
928 573
978 133
553 11
916 179
812 508
507 276
77 986
902 21
206 646
427 183
526 673
618 334
379 222
626 885
589 127
129 545
312 210
939 16
747 640
426 101
1000 2
13 643
643 788
80 224
817 717
765 655
473 55
660 781
938 107
355 55
427 482
263 888
624 636
844 113
459 981
109 322
282 582
217 171
199 15
200 951
293 70
739 234
604 732
196 791
985 174
307 86
400 276
713 766
955 626
979 456
322 617
416 750
917 898
147 622
477 907
540 239
455 971
288 552
168 46
757 244
499 540
266 647
649 326
23 225
805 831
789 410
495 953
480 110
524 921
652 166
339 165
864 452
663 294
791 365
353 833
172 259
715 927
37 743
385 78
197 993
258 615
957 807
337 230
580 166
547 55
250 925
414 98
825 697
668 769
824 639
285 521
426 295
834 680
742 865
323 181
915 793
315 969
708 800
214 185
556 876
868 942
437 669
468 572
952 385
441 892
926 576
317 273
959 198
851 969
66 19
892 171
105 559
734 578
716 505
844 6
437 744
276 554
209 633
962 89
673 426
259 281
441 606
136 44
669 862
399 704
670 553
201 329
558 718
613 545
464 984
549 777
715 17
607 7
610 809
316 188
559 224
339 773
68 652
731 811
960 503
890 490
16 447
491 223
164 207
224 434
616 648
1000 871
456 261
292 107
684 917
187 407
405 340
761 126
410 250
374 571
586 115
521 784
680 244
609 178
610 365
979 32
664 437
802 571
489 236
699 417
97 503
408 326
746 908
286 363
319 629
381 40
715 776
220 362
516 847
920 336
812 166
813 251
427 832
780 964
792 674
189 838
116 858
300 353
600 871
734 364
214 507
380 983
73 553
458 825
707 166
237 843
453 798
590 241
595 541
319 933
560 275
895 389
768 320
734 943
200 642
536 220
313 357
227 171
465 937
548 899
575 675
226 881
510 448
856 680
587 264
881 43
691 278
963 541
658 53
821 999
808 474
809 935
956 690
443 609
796 171
851 388
239 971
182 791
691 52
70 979
472 382
36 839
255 93
991 361
939 706
750 762
187 322
794 166
351 607
64 439
27 829
395 817
876 302
415 434
576 18
794 201
952 49
45 945
197 351
292 738
698 998
438 224
650 904
141 495
300 144
157 569
103 349
231 872
713 249
552 313
44 141
872 534
409 824
827 756
174 504
475 11
21 395
712 173
284 979
826 26
211 994
891 689
114 171
997 100
449 694
391 559
289 45
553 808
4 720
678 539
946 841
341 881
159 672
860 595
54 414
822 839
26 987
160 173
234 882
735 470
510 991
795 517
905 69
856 533
85 237
513 536
454 978
701 435
204 237
298 358
282 611
358 68
805 373
387 164
675 857
121 932
804 563
405 644
569 864
540 21
119 302
360 721
937 103
666 687
294 676
465 870
304 399
321 730
269 922
499 658
58 927
195 304
876 131
969 295
878 849
420 105
168 194
150 86
540 426
654 422
163 457
828 493
261 828
887 946
653 214
432 294
173 136
954 439
974 818
413 514
235 440
733 89
326 529
336 529
44 226
318 897
512 564
505 978
380 714
471 253
404 170
522 501
634 625
451 113
662 313
667 661
997 934
376 976
766 253
950 484
220 705
737 489
298 887
46 957
336 938
841 539
271 856
509 765
846 804
333 431
438 201
671 475
547 713
142 687
849 255
553 772
806 630
976 141
260 350
355 856
483 367
543 669
401 416
644 484
772 689
275 123
118 425
564 307
123 69
489 915
933 962
700 819
440 169
313 413
961 281
325 658
687 676
601 163
798 519
97 588
294 998
377 300
772 245
792 715
244 516
101 925
83 766
675 962
530 67
249 92
114 964
357 861
720 684
118 900
174 922
675 595
144 153
838 526
353 245
580 860
466 300
518 45
948 756
884 746
478 415
596 38
267 306
766 754
913 772
257 888
520 930
279 459
694 297
140 915
289 591
111 648
23 966
845 547
684 359
599 532
546 384
196 25
750 928
422 940
647 130
667 704
172 34
64 955
261 610
971 866
332 984
825 321
707 828
210 508
556 79
101 102
104 918
447 78
731 211
635 272
586 754
915 352
408 15
52 269
979 728
592 778
593 103
736 852
483 139
253 334
820 778
626 233
385 780
901 55
705 734
299 365
324 968
755 565
924 239
450 866
716 73
994 359
319 580
633 526
350 13
647 778
20 727
329 429
459 734
389 297
373 956
32 876
72 649
236 388
329 318
59 389
222 179
304 620
726 739
178 13
453 695
677 37
1 524
809 245
683 732
903 551
541 726
1 591
922 981
260 714
210 781
83 105
283 635
624 259
760 323
397 809
103 171
486 49
385 56
295 533
867 758
95 347
798 436
68 145
253 139
490 207
205 360
746 28
949 601
497 554
507 652
214 393
205 74
618 485
410 814
341 634
983 191
465 350
133 782
635 618
483 457
970 9
621 595
345 488
972 771
233 771
669 253
872 503
372 680
824 378
772 762
350 522
986 18
894 955
329 170
593 476
359 985
597 886
566 393
329 670
844 43
921 962
556 631
885 864
266 262
179 444
550 157
626 495
574 23
934 530
888 873
688 869
749 388
164 270
165 979
97 997
939 692
106 637
161 479
383 358
729 281
912 343
72 564
642 352
405 262
558 820
761 168
600 234
448 791
954 660
362 165
808 23
749 529
81 715
619 87
840 392
676 22
344 599
867 567
921 201
171 998
836 988
77 116
475 364
646 597
82 70
104 159
824 875
200 5
219 867
348 133
577 921
138 455
214 570
180 638
567 98
738 287
370 348
557 72
817 283
376 949
603 310
966 900
368 837
427 540
927 646
394 143
589 200
186 301
40 965
727 94
255 841
881 650
76 364
371 664
47 605
125 921
385 738
351 331
502 813
806 575
237 80
437 702
665 987
868 246
238 788
126 943
713 999
61 851
429 655
749 70
977 996
244 690
47 145
913 211
294 842
633 710
962 182
784 576
144 815
400 185
22 832
801 727
528 795
919 35
83 451
374 326
984 438
883 680
221 465
3 130
794 187
887 540
147 836
417 740
951 355
3 275
769 189
64 259
818 148
330 803
887 494
448 529
432 438
107 756
736 228
168 624
991 768
860 87
8 857
301 204
825 562
92 247
419 257
827 396
759 841
261 622
559 573
907 52
466 796
358 278
343 422
570 486
347 35
50 240
367 44
494 571
423 462
467 390
154 577
599 849
323 74
988 808
113 546
621 25
941 670
121 771
823 670
445 596
945 564
52 298
200 509
932 822
94 677
989 803
60 781
924 998
998 563
198 647
591 363
554 359
238 132
924 789
817 707
13 530
547 550
348 538
441 727
596 653
744 920
485 678
500 744
570 636
113 255
900 2
445 24
599 507
397 405
256 891
922 532
83 528
212 372
341 328
35 661
737 531
277 688
494 686
79 708
829 2
227 337
675 965
269 44
805 74
787 979
938 685
192 7
283 368
13 39
658 796
342 733
424 186
654 272
823 491
127 46
5 788
945 345
620 221
452 895
10 109
93 123
885 207
23 848
210 953
893 724
216 826
575 596
37 532
462 35
129 470
976 671
79 350
245 578
671 319
837 398
286 156
127 610
613 471
832 514
564 813
301 833
710 551
551 609
238 356
664 891
276 1
99 958
931 295
348 403
355 665
637 19
530 687
896 13
842 857
312 196
441 928
258 822
650 20
815 818
47 676
232 36
911 335
569 412
843 525
293 548
572 219
152 348
523 383
319 784
623 198
551 165
627 259
467 120
271 194
919 566
433 184
227 30
872 201
319 758
13 903
17 332
53 390
871 361
991 192
562 928
142 196
435 122
459 832
978 816
190 253
584 827
969 563
683 561
830 800
335 322
27 53
527 832
382 939
240 960
519 816
66 44
577 455
959 323
412 649
822 995
382 826
847 340
574 436
687 255
61 597
508 884
70 151
201 68
330 288
795 342
322 956
620 193
978 263
482 726
722 586
813 471
129 776
197 818
163 254
591 230
97 358
580 373
176 115
348 337
766 171
465 164
508 30
889 380
387 719
989 585
422 714
902 64
526 748
836 460
699 710
431 378
414 894
199 508
56 886
863 533
702 493
831 203
869 388
172 948
780 699
90 93
797 88
377 943
120 13
986 19
17 672
534 889
41 476
942 830
265 456
694 627
38 247
131 403
784 174
425 242
563 436
88 852
844 443
424 310
765 919
714 923
237 286
987 984
649 780
819 252
933 76
992 664
203 355
101 980
446 965
782 867
658 213
992 631
757 825
773 548
945 391
601 293
784 771
303 821
966 31
678 355
743 331
231 55
841 199
790 152
903 411
409 115
597 642
672 551
748 370
508 527
365 958
39 736
386 325
715 253
624 145
486 210
732 798
658 665
435 816
963 466
508 493
381 89
43 432
7 21
525 728
799 9
582 395
125 84
960 740
146 955
665 493
64 996
572 516
979 634
285 437
253 353
271 838
114 169
497 823
265 185
391 553
416 315
953 4
935 428
134 341
655 425
341 895
553 959
660 901
958 230
378 500
159 819
75 316
94 488
555 118
792 420
62 10
744 957
617 433
891 190
506 400
324 769
734 536
290 913
183 527
763 120
820 481
236 152
769 805
932 251
5 379
340 142
939 514
720 516
49 532
827 741
847 750
687 81
66 541
235 126
314 515
277 637
944 918
118 809
191 951
340 467
714 224
148 654
594 586
650 840
207 109
101 682
687 183
918 105
704 165
813 381
192 329
732 705
116 472
728 730
512 903
965 211
839 702
737 156
276 264
222 708
176 940
819 946
495 245
25 185
119 681
300 5
450 438
287 793
975 529
718 215
79 411
466 940
961 821
841 648
589 282
833 744
336 448
872 274
290 280
15 304
935 451
518 169
59 564
281 754
644 833
428 391
945 555
489 631
494 128
498 255
741 129
891 380
893 454
146 355
717 152
114 431
961 963
472 845
659 227
308 499
913 909
554 503
403 289
276 529
377 720
32 501
713 898
754 238
26 735
359 44
999 720
212 262
657 919
514 824
290 804
298 491
171 807
231 443
587 419
164 496
58 863
536 675
277 703
80 559
300 752
669 665
145 485
753 776
403 989
545 650
52 572
36 921
953 92
405 682
847 861
486 809
930 318
913 873
54 557
382 878
850 452
870 899
796 546
780 415
177 182
72 988
698 624
182 385
610 324
24 543
206 267
797 892
300 820
616 845
529 810
568 970
921 128
598 860
909 991
344 703
453 483
550 979
24 317
277 85
580 274
31 474
396 422
343 468
518 434
220 385
171 719
765 251
125 28
487 917
806 807
552 642
419 397
239 20
216 469
632 176
889 711
765 108
128 9
534 641
746 781
579 504
424 799
388 890
635 561
747 847
587 946
915 139
73 876
816 708
854 396
858 67
215 706
716 357
682 789
366 346
973 274
762 551
579 167
389 812
701 397
622 11
345 221
553 512
354 277
778 659
274 434
848 851
670 556
964 777
161 620
890 165
874 878
200 829
700 678
978 960
173 783
173 610
710 267
123 687
821 674
865 466
295 979
956 911
60 180
870 589
136 668
895 234
40 56
962 9
676 365
576 9
723 202
697 321
675 687
220 208
790 108
475 133
82 209
889 167
943 582
804 152
34 114
918 128
600 477
893 872
270 883
951 72
348 163
149 62
7 48
564 915
176 116
770 314
664 809
862 972
223 838
149 175
43 484
758 749
228 936
724 565
216 944
824 687
641 15
359 693
202 827
376 435
134 76
262 17
745 83
555 835
436 812
533 122
534 685
938 867
371 785
357 494
124 495
515 782
3 964
977 145
6 421
797 518
263 526
827 473
932 847
259 971
558 749
843 15
507 63
159 862
86 429
119 74
925 435
198 607
270 82
277 932
367 648
152 599
744 977
925 578
970 415
271 342
887 502
446 744
85 40
584 969
625 35
532 617
40 871
175 27
202 199
939 694
322 756
911 516
293 917
5 585
193 441
23 467
178 47
269 964
734 8
741 788
268 60
516 490
822 234
426 900
353 940
761 31
559 340
839 580
608 678
1 264
720 928
962 997
979 961
102 176
999 386
620 949
37 555
974 836
280 880
153 486
449 847
410 511
34 291
287 919
219 869
684 297
188 568
603 667
490 291
774 318
595 879
758 713
410 657
430 724
489 376
481 9
224 763
613 383
774 841
281 612
802 30
859 979
253 352
769 463
988 757
981 614
593 131
388 931
389 502
526 713
998 442
671 510
858 281
52 336
290 349
953 11
21 731
704 851
265 9
161 488
357 709
402 914
172 552
802 339
329 815
881 490
845 55
825 291
40 549
147 779
556 597
26 760
635 180
166 180
178 481
818 767
486 593
32 200
550 14
237 257
331 324
919 351
598 282
981 130
710 448
148 937
645 443
188 442
886 1
634 230
307 284
365 750
828 138
957 490
639 216
903 443
914 479
164 121
295 872
810 540
335 91
956 404
158 544
451 566
179 967
576 113
541 781
339 141
267 408
660 921
988 230
382 45
572 997
334 400
580 424
68 324
876 563
913 575
73 426
92 66
495 135
102 47
712 847
710 686
414 507
241 649
647 452
703 563
975 318
941 506
414 10
287 792
682 762
220 301
138 72
121 656
964 188
33 374
215 139
54 172
58 163
650 495
638 830
668 735
48 292
161 27
768 237
682 943
20 330
830 383
794 817
376 64
711 552
342 53
881 261
27 495
778 365
1000 405
493 968
369 250
427 589
344 264
565 330
829 287
702 168
445 22
375 341
801 294
291 656
806 49
517 418
924 420
528 901
729 4
730 503
753 958
840 774
841 467
434 107
92 87
899 143
630 247
408 690
390 774
908 839
729 294
487 242
513 189
866 985
763 579
932 220
64 498
27 742
728 921
340 359
268 196
586 91
988 347
954 487
607 483
610 325
921 278
906 578
615 980
980 311
874 350
214 791
141 419
511 431
519 658
810 786
171 544
297 765
372 167
524 100
482 675
512 612
145 945
510 237
756 205
116 172
318 928
31 453
586 908
881 788
842 530
864 38
521 843
388 694
206 85
867 957
619 605
279 795
112 376
570 504
223 754
371 903
465 190
582 611
829 782
228 235
814 630
530 685
915 797
461 283
523 224
372 650
263 549
432 623
699 547
369 388
756 560
178 738
950 656
976 507
668 449
27 459
363 17
910 258
458 453
282 567
119 22
203 346
327 37
151 795
557 884
482 78
725 498
142 202
660 515
810 144
904 981
184 435
429 614
583 901
389 577
679 438
947 70
328 830
951 534
697 627
202 51
258 225
135 549
452 703
776 461
923 366
277 293
190 388
943 976
802 708
583 457
179 575
608 667
202 356
849 743
6 157
448 556
712 681
702 964
603 513
785 572
92 10
422 927
810 921
870 25
466 851
107 591
360 52
220 358
662 373
902 292
384 879
121 735
124 266
819 794
772 816
457 765
872 732
580 21
907 463
410 813
964 244
983 184
125 144
492 757
665 305
501 833
941 740
145 459
391 711
950 338
243 458
358 905
833 619
226 555
872 9
76 333
692 316
649 455
463 731
65 792
963 739
345 56
825 262
482 483
100 91
84 403
877 42
971 173
744 865
364 18
701 141
888 876
248 523
728 277
71 149
607 103
906 800
576 985
888 987
943 33
268 479
352 680
607 446
406 437
746 552
526 362
395 932
552 225
456 726
969 399
701 960
463 61
763 523
582 23
913 816
272 184
831 685
420 448
120 914
549 365
823 322
119 929
638 327
695 582
417 575
205 696
852 171
98 968
797 980
656 508
345 781
77 382
318 632
45 224
410 623
793 166
333 165
480 743
392 585
335 555
451 38
141 862
349 459
671 338
61 705
696 518
272 802
368 983
422 756
189 727
545 359
548 638
200 452
73 858
953 932
539 833
740 198
725 630
360 838
851 788
838 846
195 728
323 431
34 710
398 415
473 644
801 168
624 597
754 324
990 676
612 254
946 566
855 586
420 977
518 670
939 503
869 634
469 364
237 475
808 442
436 411
189 381
520 78
88 80
720 273
951 553
398 987
804 203
740 632
890 77
47 496
822 830
127 166
109 599
900 264
300 556
482 971
525 165
999 882
691 133
328 445
127 55
239 713
560 760
723 788
390 581
836 541
943 795
512 891
13 482
417 761
316 309
743 254
582 184
984 727
224 92
701 710
888 435
222 645
569 856
496 800
83 599
203 141
297 930
765 213
315 706
723 515
617 966
779 115
817 260
124 306
430 753
168 800
320 967
409 570
581 692
341 575
343 129
385 545
498 106
33 415
454 641
556 901
426 110
265 36
251 927
858 109
159 640
833 441
265 437
285 810
165 340
906 438
142 124
569 208
398 234
660 761
19 243
772 467
527 811
441 581
703 293
834 180
653 592
88 782
144 608
363 372
972 266
887 441
84 314
231 437
857 126
53 577
610 798
807 600
645 269
64 178
744 712
174 815
502 200
505 84
10 82
329 262
330 41
448 17
409 414
56 967
504 796
268 487
966 202
218 802
718 859
773 634
408 546
141 192
73 154
130 115
45 868
796 572
712 575
188 438
197 57
228 705
275 330
373 280
818 183
638 268
175 534
155 167
554 653
866 683
85 580
832 871
119 873
11 954
370 719
505 513
291 410
789 135
6 883
651 362
158 846
430 563
489 21
695 125
699 102
225 499
558 303
357 22
451 81
567 423
76 578
277 488
336 287
617 930
915 943
733 972
293 975
185 206
461 137
92 759
752 998
586 766
959 495
29 118
214 178
3 94
418 463
536 86
76 183
204 508
812 259
854 760
815 684
730 916
488 279
531 861
909 67
534 848
631 340
688 384
249 721
220 563
673 60
161 13
513 555
402 106
501 416
63 361
212 693
895 592
363 451
513 580
187 881
761 596
802 440
762 775
763 34
122 166
692 916
458 164
204 896
654 38
35 690
182 807
772 213
204 535
544 156
374 483
710 265
912 464
417 982
951 529
679 518
3 33
611 212
615 644
625 496
623 869
628 561
154 46
840 513
468 322
351 759
62 894
356 361
859 880
555 903
58 693
585 803
495 984
278 950
961 752
859 525
732 821
594 818
617 723
390 303
391 2
106 104
859 698
379 937
220 496
231 904
828 759
137 540
965 314
401 919
408 105
638 917
526 165
530 388
190 490
281 398
64 778
635 799
655 612
859 969
876 937
828 446
301 127
479 904
480 570
963 55
916 487
630 807
920 994
647 273
616 577
447 255
289 245
937 545
521 290
643 642
995 144
217 859
15 8
879 553
981 793
468 716
749 205
380 136
843 776
331 124
298 143
815 422
583 101
770 483
71 118
626 491
597 218
528 959
527 131
985 120
425 913
407 1
358 420
593 924
887 278
100 740
139 764
726 656
505 12
239 839
260 628
598 478
828 87
187 345
411 401
107 494
110 835
277 312
794 210
596 90
192 352
624 291
695 849
236 537
271 216
850 285
563 640
362 67
953 732
281 223
775 903
897 997
145 888
385 137
3 614
558 500
686 297
652 760
671 63
28 979
915 521
42 615
958 681
46 571
674 352
803 348
719 720
6 101
450 371
768 916
474 125
738 724
464 59
543 279
358 987
627 478
276 794
498 214
501 725
87 360
863 667
354 505
155 712
138 918
342 158
185 337
259 694
8 502
433 895
87 590
591 974
78 823
445 240
283 221
599 467
435 6
200 897
38 97
648 181
501 996
192 785
653 700
607 938
658 18
967 28
326 428
437 973
350 38
297 186
649 813
89 312
383 143
773 756
305 493
965 668
689 265
960 52
637 884
776 179
145 280
37 282
831 948
278 28
724 68
482 955
690 116
283 694
893 603
237 965
67 616
35 134
590 596
594 875
98 634
676 901
325 305
811 758
149 3
82 38
689 22
871 234
33 554
806 943
111 849
387 803
480 644
410 755
720 458
977 61
282 215
750 346
147 365
168 944
299 102
119 377
502 611
301 652
787 317
840 725
648 533
556 902
940 485
670 138
798 991
7 939
46 201
555 198
901 478
207 891
744 13
69 870
472 848
533 939
21 991
541 24
389 795
601 821
252 659
125 667
271 283
919 415
596 760
887 11
621 91
515 626
812 860
92 990
790 539
430 410
531 365
956 998
297 295
141 110
913 989
905 689
139 405
835 944
396 60
734 198
865 149
918 409
187 385
712 414
374 721
419 114
670 237
187 510
81 535
702 744
528 466
983 594
51 607
799 172
710 889
606 702
276 303
59 937
427 717
210 215
695 124
236 775
738 705
119 654
634 926
395 312
882 436
720 551
167 788
243 210
119 575
873 79
466 911
233 936
94 875
95 566
702 618
629 522
119 428
229 188
67 17
968 804
790 829
138 844
930 224
367 915
794 787
547 633
507 20
787 454
990 579
593 286
167 344
265 480
759 258
22 98
63 283
1000 499
543 525
786 882
426 385
60 627
80 337
501 431
281 926
191 423
532 481
204 818
374 198
69 636
749 10
991 93
848 997
577 185
144 988
416 657
557 755
459 725
411 150
505 119
370 911
614 746
72 541
877 392
753 698
183 827
945 488
675 707
801 780
14 595
474 768
496 572
960 235
737 196
839 459
288 808
845 736
334 351
941 141
279 490
762 410
67 544
709 113
214 817
35 94
606 779
43 737
372 297
712 826
794 256
922 381
448 716
323 1000
31 443
831 605
751 488
721 717
755 496
907 112
486 487
993 529
890 959
814 545
600 877
160 586
12 555
106 688
879 5
646 942
591 150
699 976
973 209
920 995
298 987
551 594
263 523
622 200
768 215
401 466
507 48
129 668
409 490
290 905
571 556
204 199
89 1
623 452
938 956
332 355
100 903
269 142
840 997
53 535
631 974
248 525
654 957
277 741
888 989
734 124
865 499
166 504
614 662
355 349
212 142
378 882
109 514
516 326
6 764
387 266
634 419
407 855
31 859
71 586
331 665
603 833
31 232
343 714
92 458
883 497
831 881
633 218
290 454
802 601
54 151
770 507
168 409
384 911
112 758
49 644
656 269
654 776
770 285
69 329
337 32
551 549
73 638
661 101
699 798
702 548
579 292
873 7
822 216
637 305
185 5
422 746
149 418
336 119
890 834
16 416
323 371
808 977
795 765
869 420
472 966
937 658
142 735
791 141
416 29
972 2
518 370
646 327
830 416
816 542
804 859
990 682
682 123
317 452
190 850
504 693
527 113
565 302
970 446
255 648
915 275
1000 206
5 359
139 829
624 821
491 494
761 508
65 437
504 915
394 945
424 52
5 537
429 231
778 795
231 369
78 470
352 694
260 617
762 129
447 809
943 180
948 542
439 471
73 373
115 601
163 718
904 604
409 162
158 551
106 892
197 67
257 517
111 525
576 116
280 689
26 93
440 823
701 708
137 889
463 305
71 844
591 53
886 345
409 877
374 775
486 333
223 778
219 585
564 854
447 370
158 995
983 689
346 323
594 29
299 187
505 822
703 733
487 962
864 891
58 174
439 639
389 326
138 198
161 175
34 919
384 391
494 21
691 875
924 862
432 582
949 47
643 908
381 445
938 304
846 857
333 349
502 659
450 118
313 310
596 795
465 300
621 312
712 492
381 671
592 66
313 423
613 852
646 274
748 957
843 979
806 165
773 932
522 740
160 429
142 237
610 941
350 112
11 959
299 946
395 691
821 985
109 791
19 467
826 961
476 818
4 133
649 840
889 339
597 2
288 432
87 800
809 114
231 149
460 379
886 403
657 471
487 124
788 783
145 763
573 219
520 985
491 368
758 217
268 199
461 979
550 757
699 301
802 558
569 777
567 786
898 253
844 865
224 122
667 952
814 953
304 130
16 790
932 268
748 963
457 996
591 9
421 769
270 779
399 418
441 344
182 953
723 366
634 927
565 543
162 2
825 446
274 460
464 230
7 238
959 992
253 436
237 975
988 777
95 561
6 34
108 956
234 515
538 635
119 648
46 850
276 69
25 725
742 634
124 165
632 624
119 98
104 201
982 36
251 42
493 937
956 583
39 285
575 447
479 106
402 251
848 855
541 364
815 381
543 802
666 975
361 821
399 313
991 493
919 128
776 146
886 221
417 980
683 581
278 251
634 29
282 246
84 62
105 676
697 993
862 485
365 691
701 953
633 995
689 913
211 181
984 371
434 876
329 2
116 382
101 750
248 174
605 142
236 567
862 263
813 321
586 695
280 792
84 754
694 383
571 224
956 446
963 394
15 545
491 2
487 949
788 470
226 176
2 607
78 242
225 654
161 230
987 62
592 718
43 134
996 288
122 661
798 122
74 784
440 410
771 59
601 545
142 873
89 760
54 437
937 551
995 505
333 706
998 764
730 118
512 173
548 827
919 736
323 359
616 113
47 933
412 102
895 737
52 13
270 124
921 964
21 790
902 897
136 96
959 880
658 413
52 956
36 537
218 420
784 958
848 819
93 251
189 229
49 914
691 287
198 842
251 276
911 866
667 262
264 275
526 79
911 659
58 787
758 500
335 301
482 179
782 868
439 259
832 229
995 659
481 179
98 370
904 673
62 649
72 938
896 753
273 406
859 198
540 460
966 306
79 66
954 410
936 865
906 537
136 873
766 415
677 648
72 871
288 932
348 236
150 286
244 429
82 64
999 271
771 990
79 285
814 864
236 713
306 651
518 424
702 705
833 918
146 967
533 41
293 820
185 731
765 752
189 867
890 976
979 309
198 882
711 802
731 224
931 482
492 724
755 230
115 327
449 655
821 415
218 68
732 776
254 670
775 322
355 805
946 832
952 465
536 144
868 109
778 373
929 999
603 200
967 875
808 752
551 104
55 889
702 236
730 253
751 673
759 122
778 599
553 749
274 502
648 183
260 117
270 897
389 893
622 801
827 651
916 936
494 660
97 841
17 41
970 145
883 912
443 755
815 11
710 343
736 702
353 226
62 730
395 965
382 887
774 835
866 928
432 334
620 247
533 536
641 329
310 355
681 269
370 694
170 778
33 974
729 537
412 835
861 108
866 642
153 85
82 149
67 763
783 247
529 978
343 350
385 122
357 878
853 873
158 849
802 280
695 26
98 858
870 36
929 470
807 461
989 490
849 351
688 91
584 28
984 790
641 75
91 60
456 219
267 171
573 860
872 279
627 15
997 129
907 665
103 770
569 394
697 189
654 366
388 786
315 786
927 763
147 77
351 405
635 886
997 355
927 648
531 947
933 971
39 376
832 587
262 537
998 791
610 886
109 244
817 935
170 677
386 672
278 498
207 520
340 850
430 297
667 788
293 223
65 400
429 911
614 716
373 82
999 770
602 600
798 7
684 794
757 252
616 660
945 450
446 785
838 23
885 762
495 592
465 613
407 670
999 224
931 768
272 131
629 35
39 901
597 581
505 661
550 581
796 733
391 27
358 458
823 52
185 896
975 361
228 546
881 575
90 527
435 924
276 408
557 121
560 803
499 209
561 126
444 854
907 86
690 602
494 122
181 357
607 931
422 593
941 363
250 297
375 979
881 618
829 778
982 592
998 503
536 42
613 4
263 545
927 590
108 972
721 163
522 980
982 202
927 735
731 502
809 512
294 200
521 148
356 273
804 781
436 816
117 49
649 620
827 948
942 919
209 304
360 995
344 488
156 144
618 668
857 46
269 360
720 714
361 820
23 462
100 707
49 599
491 70
740 563
361 598
303 799
287 378
87 948
643 210
749 551
679 656
424 156
867 432
939 879
211 180
737 908
704 115
740 785
407 674
140 991
35 243
736 324
420 319
443 118
157 700
68 265
326 961
720 840
633 173
728 663
15 947
291 443
974 156
866 573
7 47
500 867
391 908
858 637
361 35
381 32
291 264
938 190
827 458
258 579
704 575
634 944
319 382
655 752
837 765
159 257
661 79
93 541
483 609
485 211
582 579
342 292
881 534
297 588
462 765
601 695
684 761
590 249
777 828
150 814
176 437
626 181
521 295
575 252
250 846
906 363
824 240
808 789
317 716
809 636
403 495
21 932
673 477
910 482
18 234
900 220
601 883
322 276
236 178
535 544
631 91
191 554
392 490
394 776
825 484
455 40
539 338
869 979
874 847
468 28
326 470
787 928
544 816
807 541
429 983
106 612
904 142
183 744
240 994
993 292
130 916
226 333
814 314
729 354
343 998
257 927
842 390
171 817
762 218
780 461
897 687
386 172
25 276
391 189
429 10
13 331
410 329
839 720
953 737
475 357
646 588
594 789
991 789
374 825
324 6
950 160
30 176
603 670
971 850
589 415
36 481
846 54
849 370
43 455
885 596
140 652
944 10
176 228
33 365
31 302
421 4
399 266
609 658
703 760
225 681
523 78
543 387
512 509
200 377
288 141
518 199
15 658
177 927
198 771
47 602
485 425
451 961
968 973
661 438
534 940
778 370
728 973
748 708
638 624
971 367
699 732
648 2
317 337
167 38
503 138
839 300
336 324
263 924
88 822
749 63
300 423
364 995
297 46
562 610
731 589
274 262
705 42
902 652
192 899
683 821
286 392
34 23
992 698
541 629
362 494
217 481
701 911
776 314
351 554
45 747
140 129
801 857
658 834
740 27
666 329
480 236
244 893
465 632
478 132
141 297
735 705
331 647
10 950
939 964
877 593
563 880
50 869
137 9
727 355
404 860
704 298
884 322
40 321
31 95
658 759
219 983
577 973
281 184
301 197
374 773
512 524
196 45
180 938
456 178
607 825
332 605
198 7
604 81
584 414
755 935
862 905
543 470
51 812
372 635
784 463
1000 164
137 315
786 728
589 147
533 445
203 566
560 501
781 979
584 507
659 267
953 42
741 139
204 713
765 277
124 131
768 145
553 925
610 726
954 580
322 803
355 977
263 738
656 838
517 685
700 971
176 518
419 928
661 684
821 911
299 551
763 26
782 144
531 144
754 379
593 575
869 922
981 48
35 666
607 42
611 47
9 751
456 564
203 289
769 911
69 328
821 761
201 960
398 554
95 484
62 759
486 803
583 339
641 968
706 950
202 506
353 126
575 831
889 28
796 568
836 637
486 946
969 84
988 336
699 303
701 885
741 952
836 908
230 439
824 972
490 64
97 82
408 371
843 665
616 962
729 741
324 207
571 198
590 806
629 836
900 812
174 457
582 442
162 629
16 935
932 669
564 820
746 179
965 467
180 573
823 981
917 144
498 424
885 524
930 29
471 511
842 753
96 499
526 990
375 835
626 831
76 348
423 201
959 491
764 145
384 711
479 182
851 867
502 765
146 474
94 539
916 650
392 65
470 703
215 585
626 112
402 102
441 756
151 929
42 27
255 513
526 855
412 435
489 768
65 81
49 884
47 225
72 159
553 292
269 603
351 831
902 709
636 927
985 145
325 912
382 444
934 234
277 733
739 414
16 281
714 832
594 746
313 893
425 859
210 739
27 955
746 561
95 472
602 940
3 195
97 44
715 215
28 694
430 774
935 799
990 863
135 855
672 897
197 170
89 817
867 766
120 89
965 818
124 545
54 988
275 545
994 714
671 71
548 274
93 747
665 26
885 639
780 867
393 767
710 634
825 449
797 670
172 57
216 805
418 269
38 546
82 670
727 178
621 587
587 967
787 265
825 958
91 718
443 444
719 542
264 842
342 7
898 805
242 171
829 436
565 53
893 392
569 50
741 639
132 208
260 429
959 237
895 739
40 591
174 542
359 550
477 695
313 590
705 988
247 813
86 341
311 560
571 869
871 974
639 460
195 831
518 977
1000 942
231 334
527 941
931 620
374 370
844 630
727 863
999 218
714 70
311 244
849 693
572 891
447 532
602 819
624 295
163 421
511 413
95 367
409 997
373 476
672 941
451 382
508 629
386 977
721 524
685 233
962 878
290 469
340 634
401 998
522 454
261 626
561 52
343 410
950 102
185 808
911 273
232 269
216 914
825 760
117 100
183 482
862 24
336 475
210 444
215 973
96 443
495 301
708 210
414 861
254 668
534 562
334 980
705 636
337 848
835 209
72 571
323 261
897 470
661 437
721 234
722 508
375 785
583 516
394 632
323 402
43 33
920 736
389 803
366 43
319 678
87 586
843 808
545 295
425 215
833 242
84 444
857 244
856 182
951 774
828 311
795 826
469 375
118 6
140 348
235 998
17 47
610 230
297 207
339 964
212 62
576 169
667 2
448 220
395 967
953 945
718 755
884 671
334 760
622 253
913 783
373 271
505 767
288 851
862 733
439 180
815 595
529 976
219 982
548 781
295 469
548 697
82 34
375 683
270 813
662 327
176 50
413 827
675 216
640 353
138 114
285 481
436 883
682 631
681 430
708 167
30 79
68 774
306 911
557 326
996 250
815 806
897 819
926 133
379 232
418 420
207 982
958 826
483 150
730 957
566 303
91 845
854 490
935 330
522 790
294 253
541 20
910 475
74 667
327 63
661 359
493 851
632 821
405 55
933 811
311 715
574 215
544 6
179 329
532 559
700 665
559 214
126 553
435 260
60 175
188 84
887 730
325 221
865 312
919 95
559 52
671 558
766 616
123 998
794 476
568 601
552 190
987 108
316 359
101 759
605 167
912 363
681 367
295 667
872 810
923 422
521 121
603 906
104 392
415 2
642 66
805 950
923 663
957 603
101 425
836 796
803 173
421 114
606 674
771 907
242 625
41 746
339 397
768 643
418 4
58 111
812 180
758 664
963 288
488 832
289 785
16 567
148 92
314 324
25 783
615 406
161 223
931 303
842 766
536 445
104 927
696 707
713 619
290 300
372 656
212 877
105 507
199 417
518 31
21 541
712 444
720 103
350 934
497 466
170 72
498 877
961 323
558 764
503 220
934 446
848 187
282 561
184 339
294 936
904 76
613 710
652 730
815 382
836 8
835 596
764 342
838 693
877 209
71 30
218 638
313 674
978 808
189 79
523 819
216 83
182 824
94 84
973 847
23 456
245 200
248 612
978 950
987 937
763 500
321 665
11 722
986 669
311 354
224 332
979 204
430 148
788 814
127 970
645 671
903 431
64 468
373 342
115 456
533 606
898 45
867 656
364 446
944 691
728 746
984 660
788 524
419 227
332 640
559 185
980 448
158 796
50 957
15 957
825 513
112 718
367 692
881 810
399 387
680 427
20 980
603 403
758 740
82 381
979 761
46 544
341 656
972 598
521 762
438 398
663 768
775 202
525 799
470 222
97 156
669 244
532 60
101 95
954 650
494 323
920 790
298 86
446 38
214 66
355 508
95 837
591 832
578 417
339 75
998 834
945 548
89 148
809 755
114 321
777 109
981 917
284 171
964 709
956 725
442 423
98 205
80 448
264 135
853 75
691 352
48 814
970 489
627 946
80 607
502 154
293 802
466 481
991 450
248 384
321 756
715 763
127 136
148 771
736 276
169 296
724 446
67 853
585 912
434 956
895 8
442 403
667 214
374 723
474 992
571 434
311 247
261 974
904 563
88 438
72 795
906 354
511 412
918 52
775 725
617 545
870 221
231 781
487 359
179 654
667 851
805 590
186 254
444 570
619 364
971 967
497 636
667 530
485 19
675 63
769 38
453 565
511 531
314 141
613 279
428 373
501 558
7 543
825 767
755 122
255 937
216 770
587 789
203 524
299 167
902 36
798 85
721 88
543 675
621 703
712 357
142 840
694 821
693 869
152 668
838 832
165 442
475 638
683 181
260 386
393 295
753 169
455 33
95 873
5 466
943 380
605 877
587 302
221 612
39 695
264 163
623 373
749 462
936 373
55 119
374 445
655 334
661 985
187 666
300 667
288 519
577 391
598 511
766 589
912 172
162 967
272 11
680 920
205 995
791 124
206 388
62 680
763 557
140 18
254 432
715 654
241 983
266 968
675 364
202 678
538 60
650 594
139 219
474 742
442 120
850 141
651 324
104 631
671 905
802 1000
944 404
612 919
719 925
855 365
287 769
399 507
57 272
977 423
582 638
569 685
731 534
920 1
993 605
580 107
985 989
380 17
313 88
96 600
635 557
542 43
122 712
638 688
697 194
860 410
592 792
129 574
631 473
801 108
858 119
622 132
705 119
947 971
242 240
423 773
303 339
877 970
308 507
680 718
7 731
891 82
489 810
481 330
327 62
354 56
557 777
835 635
798 525
216 201
161 600
312 732
175 107
240 78
826 973
408 778
27 32
456 474
657 169
269 35
731 984
992 600
644 945
829 107
806 658
688 949
361 639
13 94
969 376
622 546
280 171
57 369
723 841
677 913
634 116
800 462
197 402
182 494
497 842
923 264
67 954
123 854
698 632
483 906
35 169
616 964
598 852
452 6
514 9
861 510
607 654
824 812
128 227
665 312
622 512
524 321
506 826
979 803
418 116
37 974
223 763
857 875
445 685
962 633
555 490
6 38
464 105
530 676
922 844
34 951
290 301
642 566
539 926
850 693
835 997
17 904
199 416
613 914
206 536
7 537
34 665
61 688
985 324
318 508
347 627
77 678
207 715
657 115
264 29
84 390
949 338
806 197
504 753
265 693
69 615
821 904
331 566
79 562
481 263
81 671
835 740
92 359
478 427
740 687
83 676
389 685
856 100
643 326
3 39
994 206
776 357
176 593
277 445
649 586
47 910
980 124
999 176
365 832
957 668
249 863
433 32
966 458
610 352
22 466
353 777
980 338
893 655
841 136
137 81
880 998
383 701
558 115
7 411
870 129
999 487
196 464
400 725
242 658
663 716
520 678
776 816
483 644
673 692
896 341
212 536
888 207
728 817
765 151
16 532
290 111
868 57
555 441
183 408
868 640
744 398
483 610
848 348
964 258
694 959
199 503
860 467
509 699
807 244
929 110
592 992
310 551
149 370
464 258
618 943
930 483
277 940
994 686
207 687
764 260
30 576
752 452
243 783
9 843
820 389
235 879
50 312
434 91
911 671
326 469
398 966
682 309
535 997
198 19
460 794
634 61
887 669
102 511
636 643
505 391
947 216
417 869
623 903
438 989
610 34
314 743
832 104
321 533
322 838
680 76
704 82
244 139
170 786
118 740
54 668
816 881
55 415
63 710
724 780
762 443
746 836
215 259
54 783
435 827
534 5
681 567
242 551
685 231
841 953
864 118
827 122
205 258
357 199
571 113
555 532
884 82
703 660
813 212
742 250
79 590
124 293
661 96
209 197
936 673
551 945
238 404
989 676
684 214
812 419
331 593
686 636
694 923
436 959
298 952
206 545
778 494
251 904
179 28
717 235
385 760
246 653
467 720
86 58
824 143
989 489
796 333
502 938
284 25
536 603
569 189
131 129
477 616
42 199
216 238
456 829
403 746
899 858
62 365
285 701
326 422
476 599
347 857
943 102
540 104
498 743
482 224
669 652
621 147
92 615
790 480
559 173
942 287
763 462
411 341
108 249
353 230
575 951
675 561
715 304
936 496
794 129
499 701
227 618
193 526
837 237
654 429
487 420
144 86
366 719
818 138
231 931
785 467
976 705
92 427
352 957
67 767
36 290
343 230
760 244
832 641
889 976
410 475
563 531
971 994
854 957
567 715
33 669
932 715
717 331
591 342
814 755
194 904
871 966
387 482
287 657
552 574
920 2
940 189
232 250
707 107
726 453
29 107
637 246
927 598
87 149
751 114
368 633
371 638
246 638
730 824
158 416
351 401
228 428
782 373
87 507
436 177
591 827
30 168
117 741
818 520
105 857
54 451
208 606
209 811
532 553
917 805
826 970
331 548
830 818
959 618
395 519
124 780
913 70
680 855
187 697
192 17
861 825
476 345
27 833
376 349
799 487
178 495
145 766
530 612
793 698
496 534
103 914
192 319
325 509
159 873
956 177
150 248
671 846
979 282
231 967
267 339
846 288
874 233
604 274
132 901
22 273
741 647
943 651
694 263
306 764
552 764
241 685
216 452
884 177
722 52
82 407
923 887
489 431
788 319
149 859
862 872
846 109
208 321
483 585
48 410
836 67
358 78
524 416
211 935
824 506
570 226
826 328
501 742
686 692
983 498
507 445
380 165
492 431
698 270
494 165
556 864
941 922
126 945
341 830
470 402
561 655
750 197
458 461
666 822
901 77
874 949
618 987
32 42
929 796
786 255
41 332
354 157
608 815
138 650
712 787
866 288
776 8
341 370
330 997
974 378
369 585
351 841
984 90
714 847
532 700
776 358
444 236
356 800
785 232
991 654
466 263
987 683
770 392
239 526
809 371
371 446
390 516
62 865
874 299
17 279
771 203
849 735
386 375
941 135
900 795
980 339
291 46
718 459
620 539
138 327
811 564
757 272
601 142
589 548
345 682
151 836
405 796
985 111
638 924
152 117
677 997
583 961
573 896
445 545
462 506
177 631
364 567
879 112
864 919
189 572
959 8
467 438
189 977
307 945
536 185
369 88
367 957
378 486
677 680
215 761
475 532
721 284
740 8
243 752
962 30
981 802
255 525
413 233
4 917
367 659
26 749
503 339
97 949
458 368
79 608
562 634
155 432
618 846
217 239
400 313
636 958
523 869
348 566
807 537
558 609
481 403
887 751
273 367
347 130
993 312
22 802
260 627
317 894
871 315
374 369
984 421
325 147
36 986
884 646
690 965
371 493
995 743
468 365
850 389
779 837
913 697
733 472
555 984
377 105
897 845
491 610
477 395
19 617
428 81
659 823
309 754
756 13
8 835
940 948
855 331
50 558
270 711
570 457
55 259
920 184
573 706
685 904
305 452
661 111
354 831
110 224
673 839
612 674
731 20
440 443
226 596
716 676
664 458
332 72
61 646
568 691
384 561
833 576
231 228
939 350
282 631
209 701
74 757
679 272
758 267
544 509
818 756
322 487
757 961
777 361
514 339
938 700
154 335
136 718
433 316
127 174
273 331
169 266
173 306
917 595
610 455
404 634
245 860
886 719
343 631
36 77
555 951
511 301
278 902
743 246
193 702
755 266
418 797
505 168
538 58
810 807
45 26
600 495
159 22
452 44
549 410
418 908
617 684
873 314
426 311
850 26
724 968
401 848
441 183
941 258
978 307
711 876
323 55
106 333
82 893
20 125
637 631
704 746
398 974
72 324
185 43
792 125
663 842
868 808
778 48
925 191
176 482
786 615
536 66
166 862
908 462
160 854
986 46
492 475
809 559
293 646
566 477
215 673
950 572
668 357
412 427
624 617
808 608
644 270
826 745
518 739
830 209
687 680
190 880
490 982
365 278
97 600
776 109
762 858
965 583
89 492
260 789
82 83
706 357
669 623
959 887
511 18
810 455
528 668
162 886
403 852
957 261
465 975
546 976
289 747
171 893
338 230
727 768
201 38
395 194
489 227
185 538
881 884
559 644
528 88
267 12
414 333
128 886
88 992
825 603
219 164
112 820
498 341
685 959
978 203
500 699
357 30
660 259
788 312
479 527
500 554
817 344
285 450
279 763
987 40
97 598
414 116
626 827
309 125
647 293
405 586
377 815
655 814
769 703
204 500
501 662
428 748
768 369
401 376
311 917
403 470
385 807
485 638
15 636
697 191
22 731
852 542
30 618
696 2
532 488
455 491
683 780
441 617
619 650
992 351
485 848
381 927
701 352
114 570
443 592
616 328
800 159
527 804
360 646
622 738
957 71
10 996
463 770
302 132
503 541
145 447
643 328
457 509
188 123
151 97
465 922
83 279
102 465
174 962
383 456
700 414
97 183
518 779
634 406
786 685
433 213
325 79
326 792
454 365
386 197
957 666
170 828
632 256
982 823
608 175
92 509
666 60
887 846
211 409
504 397
905 524
361 260
72 881
380 993
702 973
187 128
225 309
559 664
873 353
175 675
551 728
328 42
861 448
440 612
495 198
135 113
49 240
414 56
970 584
976 792
85 617
749 623
146 989
328 776
975 622
708 107
105 186
161 248
750 682
399 162
21 642
721 992
777 982
582 727
552 902
646 48
704 833
190 204
220 556
29 82
780 686
273 512
458 524
902 857
426 46
686 832
949 402
240 460
151 592
303 722
890 634
764 407
473 122
990 689
772 268
96 519
702 69
943 357
250 385
402 217
940 274
334 804
1000 756
341 420
434 198
770 620
695 961
170 732
563 995
206 17
709 905
394 900
217 287
291 544
597 964
835 851
620 491
786 277
273 366
457 409
758 121
509 335
502 443
126 503
642 372
951 738
718 667
675 640
939 897
940 625
667 171
214 906
344 948
914 512
207 3
162 640
698 574
862 741
40 316
496 942
614 378
870 208
724 150
999 436
453 272
845 526
215 378
602 128
667 804
955 163
43 429
85 858
551 589
235 323
427 923
923 830
466 959
552 314
620 732
200 239
661 110
366 220
537 176
214 272
806 756
419 732
332 875
419 685
169 514
761 984
373 555
372 715
433 917
678 653
660 904
111 38
111 366
480 828
432 397
365 15
43 791
652 959
476 819
369 165
756 791
525 271
398 60
19 335
189 3
349 824
935 908
507 928
487 644
588 975
764 652
437 981
212 689
523 892
728 250
506 232
948 455
428 124
577 491
62 233
562 321
924 376
601 413
527 909
970 234
643 128
511 206
224 964
848 706
486 824
692 627
827 988
205 992
941 95
548 186
505 274
32 654
749 527
36 78
554 527
205 366
426 878
888 333
962 940
62 255
291 24
547 184
594 867
808 641
614 358
600 496
641 306
771 915
495 137
691 261
410 473
656 465
380 735
660 505
914 921
681 930
702 788
759 861
120 260
102 948
580 363
702 743
194 902
674 412
417 173
864 882
383 826
573 854
906 123
120 482
618 289
896 61
128 471
756 695
426 196
427 165
630 871
920 802
885 966
542 441
229 866
656 812
551 181
39 481
27 505
445 842
962 212
359 900
216 430
640 336
53 261
298 188
851 936
941 294
178 982
96 892
306 462
920 149
792 570
973 693
881 238
493 736
776 110
655 370
411 21
109 784
58 866
365 422
739 105
856 395
984 64
801 542
917 916
221 615
649 962
209 971
675 606
771 51
520 881
449 550
297 440
170 950
715 734
538 381
956 220
108 797
84 775
871 32
736 301
386 256
297 747
617 766
142 548
520 653
478 821
49 203
250 828
91 368
239 168
147 334
742 49
673 542
413 795
381 135
988 913
989 456
46 635
394 248
499 569
295 168
703 831
225 724
727 165
893 157
894 686
163 522
321 455
789 834
331 586
81 501
191 120
29 77
582 891
957 498
199 413
54 416
789 841
290 522
670 543
372 946
122 973
88 725
200 739
679 245
726 48
708 603
655 124
144 566
973 247
734 735
722 811
320 279
344 413
52 854
436 437
530 555
38 417
919 296
299 392
66 950
31 696
412 686
610 827
57 681
520 15
739 389
339 787
729 159
841 501
70 993
936 479
934 894
301 307
856 22
165 772
649 591
62 660
831 969
981 418
729 441
325 78
628 681
61 726
704 73
836 606
88 478
396 431
735 516
63 687
135 850
357 974
286 458
676 118
76 897
737 96
385 11
22 320
253 158
559 520
963 371
376 823
30 667
168 707
703 637
315 660
776 898
82 377
464 317
379 473
875 572
91 461
256 38
862 842
663 943
635 648
525 906
68 971
362 552
290 477
953 139
20 54
846 254
940 135
357 275
967 606
91 235
253 321
273 519
401 458
910 273
372 871
547 541
531 896
809 614
824 101
643 747
436 363
535 969
699 672
95 982
872 847
669 899
221 540
464 547
174 658
195 917
734 330
243 654
238 533
847 617
992 67
653 736
184 593
597 963
770 911
712 829
207 236
438 90
348 854
761 187
945 268
175 499
822 586
929 716
207 2
801 913
789 651
187 62
626 696
561 333
984 628
71 864
975 446
79 373
101 493
873 348
811 530
224 936
950 607
548 307
550 865
242 772
929 444
395 376
894 260
873 465
612 733
205 470
673 951
360 470
488 43
436 779
350 689
258 835
17 964
120 274
146 736
242 121
117 891
156 976
867 114
933 157
33 50
327 304
147 54
609 999
665 565
172 547
656 848
308 483
956 850
612 17
886 592
833 324
906 408
817 803
88 653
514 953
677 475
271 811
37 115
39 290
622 953
571 953
643 596
950 880
387 146
407 207
582 339
985 163
786 84
809 909
807 686
839 217
933 20
681 203
350 446
779 882
550 414
874 572
982 547
676 458
31 597
199 719
590 1
943 188
191 955
966 119
733 280
990 377
205 927
666 339
424 50
266 613
691 49
251 652
680 43
662 911
192 325
230 397
715 531
359 4
577 598
906 548
874 240
568 783
26 375
564 943
533 884
352 287
498 303
228 900
970 229
837 302
803 402
195 98
372 580
231 608
181 187
312 326
441 38
663 983
820 998
354 289
414 787
811 173
498 96
834 710
66 380
157 83
86 891
90 118
842 953
807 185
720 225
39 19
167 222
123 226
397 597
808 130
968 371
133 107
998 703
551 5
420 537
368 346
65 222
973 932
526 893
428 808
584 558
35 930
553 673
146 121
630 433
152 922
464 604
51 140
967 106
532 581
221 580
347 777
494 712
596 624
891 948
344 49
631 910
706 355
245 472
504 951
527 883
89 355
772 138
520 227
54 541
467 154
529 107
982 591
396 166
736 593
532 778
40 72
23 129
778 434
672 669
156 614
658 928
556 578
540 412
10 691
410 233
874 306
323 584
318 474
328 338
371 340
192 417
447 555
647 543
16 255
211 364
750 963
664 938
37 744
663 676
386 432
850 109
85 928
653 462
656 318
965 332
931 244
36 464
699 112
883 207
497 568
48 14
525 532
855 269
951 438
713 268
12 222
932 746
256 91
965 64
668 784
741 358
786 679
381 375
458 820
24 86
150 682
940 677
640 96
290 297
738 939
122 744
817 568
34 802
958 219
670 239
213 256
379 120
591 875
425 368
65 777
470 700
785 400
61 829
321 80
513 594
911 148
167 433
27 226
412 312
477 734
739 55
447 697
815 234
283 13
783 328
964 375
135 649
317 230
819 28
308 543
283 245
761 301
889 480
746 571
818 924
382 807
943 884
800 494
35 363
219 710
571 429
753 514
794 196
5 891
585 217
624 305
898 38
334 420
101 615
193 868
470 676
162 749
810 238
805 597
681 735
793 949
741 599
797 965
634 729
671 956
230 36
471 202
231 679
319 278
376 824
110 489
127 565
438 416
612 939
758 761
818 427
767 613
436 641
789 899
572 629
404 487
206 815
246 872
983 77
641 180
646 664
648 760
495 279
636 279
363 861
327 702
882 179
722 456
996 191
501 711
377 969
219 334
755 304
928 861
618 536
267 237
333 587
601 971
332 261
151 963
557 828
959 888
990 838
801 594
867 25
575 296
970 274
364 5
492 82
517 495
998 325
408 983
961 253
495 325
929 543
930 816
870 650
485 996
965 686
912 310
967 336
286 255
505 395
553 500
576 242
685 432
813 763
83 418
376 408
92 300
865 212
832 923
409 126
376 7
585 245
268 135
287 101
554 696
611 553
852 325
546 760
162 753
842 383
389 750
442 97
206 254
851 135
279 392
280 71
90 607
586 888
492 927
606 639
892 673
281 342
360 313
68 10
215 229
896 309
789 54
681 981
441 152
776 959
335 685
803 326
146 575
219 31
257 382
149 312
959 331
679 765
238 288
252 221
197 716
533 418
955 496
958 945
372 678
92 714
546 47
531 705
968 869
988 695
492 611
698 338
351 296
172 909
954 771
229 844
69 999
103 871
234 722
551 147
782 413
105 583
971 356
875 158
916 739
905 683
507 836
489 817
551 497
458 256
876 492
947 892
674 540
832 396
762 837
100 940
565 422
861 527
933 130
301 429
888 915
636 989
183 596
815 19
172 10
259 141
481 45
465 992
925 832
620 88
268 69
658 957
453 79
130 98
810 512
762 249
69 127
384 505
279 436
528 425
746 789
68 313
782 533
932 386
816 427
652 1
582 198
31 68
681 535
121 322
17 907
788 688
862 993
497 531
119 700
977 410
63 853
229 61
985 951
712 89
784 454
799 1
328 834
426 307
688 34
941 656
985 544
414 784
555 274
901 290
946 661
426 194
320 833
674 124
608 904
461 508
432 718
935 212
388 169
118 440
726 187
380 355
473 7
902 950
118 299
962 69
449 62
248 96
67 740
191 538
912 705
643 435
626 297
919 262
965 580
109 782
827 687
972 396
15 246
247 215
779 768
942 716
815 70
599 290
839 188
515 794
202 402
735 780
828 162
369 643
528 302
16 466
783 698
109 705
93 220
884 761
197 46
624 278
36 108
935 880
352 73
444 409
942 136
893 742
569 784
896 544
401 124
861 72
777 454
409 935
927 109
134 709
580 263
189 927
181 508
612 944
519 420
760 899
405 657
394 23
269 354
803 433
147 437
555 592
152 29
432 331
357 108
342 272
739 668
846 224
534 332
688 206
375 856
985 572
124 472
234 520
307 118
275 454
773 459
441 946
930 246
380 161
788 136
369 432
151 728
356 138
416 239
713 847
329 770
612 91
740 16
782 341
235 600
933 919
372 96
152 584
227 12
551 441
813 923
329 461
613 593
880 448
349 955
647 116
676 444
645 487
832 146
852 221
47 445
819 396
404 590
351 619
944 587
853 757
199 808
269 804
897 603
456 309
2 97
103 620
562 105
417 702
315 91
773 745
781 179
470 677
110 312
254 92
521 945
671 959
125 465
859 41
419 374
225 443
500 875
266 239
104 707
86 599
486 413
38 714
183 407
168 852
831 283
579 306
82 262
979 620
52 466
678 350
132 554
884 439
262 925
30 393
158 194
436 928
440 419
957 581
225 871
821 51
949 110
552 921
381 636
185 465
405 732
599 226
332 755
518 396
242 309
759 504
686 950
913 454
986 148
53 379
226 769
837 989
597 382
672 171
622 931
839 408
476 729
477 688
26 536
304 488
891 910
356 945
696 144
596 425
834 354
601 21
784 595
431 144
895 863
291 549
516 42
114 940
5 555
580 997
622 322
947 174
396 152
454 138
595 700
957 473
524 668
211 235
1000 804
634 267
743 141
842 11
866 917
850 494
387 372
300 979
284 342
840 552
767 119
295 712
6 305
315 246
628 662
252 441
338 173
980 268
732 893
914 654
441 850
101 410
706 876
339 365
451 359
179 660
175 434
385 21
594 781
442 110
465 327
799 110
362 197
842 463
861 289
102 213
779 498
449 971
987 375
936 535
347 469
870 384
693 393
677 901
803 726
567 273
984 691
651 419
380 122
169 519
155 596
963 941
485 465
217 787
34 875
19 5
593 408
170 123
873 952
530 395
579 874
816 520
835 500
708 519
105 727
434 391
695 768
942 902
762 723
320 290
528 775
568 8
382 672
347 815
259 321
266 885
668 35
544 497
139 823
231 389
506 132
697 725
442 748
459 774
80 561
208 518
601 113
505 68
951 573
477 950
460 676
576 263
729 213
749 746
861 484
295 910
421 735
870 518
569 99
895 81
343 284
348 820
867 496
631 635
525 42
6 609
499 305
392 981
835 968
644 543
97 478
914 21
962 986
706 880
1 144
314 73
962 845
979 857
694 316
922 443
410 599
950 69
254 886
59 868
885 560
869 155
360 421
380 952
237 993
587 409
555 388
375 887
341 963
488 9
937 836
955 543
902 250
171 12
106 461
281 764
428 629
768 856
731 116
697 196
629 980
851 847
363 693
787 439
860 519
973 352
445 839
651 30
543 530
655 244
52 95
111 508
649 11
7 721
431 389
731 643
858 502
958 494
765 992
472 121
365 274
39 593
687 805
725 82
965 579
178 823
25 772
592 566
23 445
634 156
853 510
527 893
992 606
745 890
545 534
732 656
201 968
662 847
314 553
801 529
780 318
838 12
16 467
897 638
805 861
18 513
519 995
44 513
796 560
512 851
840 608
876 358
309 995
183 693
992 464
102 154
158 664
306 407
326 978
516 550
508 18
950 441
756 210
618 223
638 26
521 886
59 787
546 259
30 240
177 364
419 443
862 877
116 855
870 328
176 164
802 232
915 955
823 834
574 604
738 822
833 710
349 793
928 574
903 726
651 802
356 36
232 106
803 639
702 371
180 461
526 573
711 515
130 850
702 194
378 318
786 873
661 615
701 410
552 194
190 897
203 22
438 955
812 932
433 525
240 17
826 888
207 503
83 573
728 262
47 94
861 630
41 81
724 306
528 936
464 444
1000 954
32 892
640 891
53 730
827 571
351 965
580 785
502 339
896 880
453 117
538 301
871 355
663 119
580 567
54 650
827 886
240 556
978 502
889 177
10 600
733 96
58 296
500 965
287 929
754 300
590 778
337 160
267 189
34 128
767 918
917 75
42 631
390 69
140 532
181 320
254 910
720 941
422 618
172 133
444 994
487 828
953 136
114 180
612 651
797 263
212 793
704 246
532 84
733 597
609 623
740 215
355 819
356 216
507 92
684 741
441 830
690 200
892 105
216 506
452 233
772 377
192 611
924 172
462 791
800 866
65 201
180 204
447 665
454 992
47 796
622 928
972 247
296 336
4 919
166 277
98 183
503 325
589 672
984 140
657 218
285 697
969 728
55 988
398 968
592 433
187 631
219 143
688 996
302 164
190 958
938 596
153 948
80 884
747 313
93 146
499 679
802 650
14 570
127 919
738 344
61 485
724 155
192 380
54 931
31 221
343 735
549 272
239 414
865 91
849 574
62 913
488 594
34 450
969 229
861 399
58 460
98 989
67 337
471 232
699 77
718 347
224 939
996 537
63 947
405 795
932 733
304 840
350 133
958 597
6 198
392 630
724 607
813 787
11 220
927 858
380 917
128 80
78 948
738 783
910 6
986 309
567 272
972 704
792 102
918 762
998 436
164 952
54 508
510 432
280 425
543 680
142 851
147 59
276 925
631 355
243 546
134 471
124 38
273 881
536 777
332 468
227 246
82 815
138 621
159 278
18 199
950 964
900 185
117 523
85 109
531 127
164 636
222 462
498 654
675 840
517 278
591 307
428 344
353 286
339 863
286 826
315 764
813 571
944 822
516 158
944 901
806 653
121 4
296 360
480 229
563 970
452 779
714 98
44 429
82 248
10 621
177 20
823 181
291 28
119 920
610 149
46 278
310 411
428 495
478 861
779 384
854 836
77 277
465 930
637 317
488 876
140 589
324 498
842 627
437 189
497 994
43 282
388 374
869 235
427 8
524 442
172 783
324 656
483 305
691 884
301 640
836 294
189 758
859 186
117 860
100 439
891 269
200 636
958 141
246 739
265 804
164 690
455 109
275 251
93 149
668 354
338 893
9 939
493 843
463 535
434 315
990 796
792 685
23 335
652 701
433 625
145 69
96 66
357 512
596 482
504 954
452 266
654 468
433 339
235 75
967 282
255 4
659 340
24 848
994 148
995 725
745 778
949 906
56 255
970 925
75 627
774 805
760 457
170 837
32 686
896 691
535 148
258 416
408 461
559 274
230 428
515 216
965 184
440 589
264 53
96 63
295 497
860 49
457 610
431 352
684 487
431 774
345 705
128 105
519 55
673 899
788 436
940 159
47 711
343 184
733 624
169 717
276 887
918 674
647 288
66 351
319 947
450 62
237 230
533 329
772 759
685 638
449 510
820 795
881 467
330 555
848 36
66 91
192 536
356 283
89 128
342 210
327 394
113 58
294 81
846 674
298 156
299 749
793 208
271 323
991 48
169 137
132 27
886 782
818 550
66 771
393 497
982 285
160 452
626 552
679 471
820 93
246 24
758 839
491 419
478 191
580 899
230 524
946 213
840 848
213 818
951 111
550 467
398 924
899 217
495 664
331 395
204 667
10 880
106 921
417 850
738 194
903 534
45 810
343 581
605 274
382 181
221 105
334 312
705 420
101 531
732 923
758 931
906 616
374 952
770 491
7 400
50 949
859 649
200 26
680 260
3 633
261 517
894 413
433 515
621 50
357 61
654 939
15 603
896 219
38 712
917 187
919 264
958 521
121 858
90 779
39 246
901 727
831 362
834 666
18 431
181 97
258 804
367 842
260 368
759 724
371 655
601 558
319 983
46 885
712 369
587 591
470 65
954 658
403 392
197 375
265 111
912 990
731 300
588 371
458 408
652 912
753 944
605 912
553 621
556 608
597 380
964 717
916 552
442 871
333 938
83 619
48 806
985 75
144 933
38 449
593 638
614 928
282 831
106 731
51 118
754 523
306 24
948 415
986 726
26 293
737 708
222 156
278 146
713 708
691 183
219 694
923 971
679 686
828 100
41 878
95 267
634 439
282 64
728 944
195 48
715 666
921 303
610 287
205 729
137 841
600 281
487 671
549 480
572 839
920 480
115 788
79 369
214 254
375 734
339 476
570 352
879 734
443 394
393 689
837 310
250 880
894 441
785 667
746 240
140 569
253 384
347 71
664 131
258 940
798 50
63 16
476 351
85 552
697 174
494 244
967 975
209 405
122 926
802 354
990 519
80 134
613 804
320 437
800 911
319 681
881 116
900 186
354 236
726 124
75 126
86 287
514 375
955 622
598 186
490 527
403 608
339 862
341 308
539 830
697 580
917 891
294 714
667 108
83 515
445 342
620 452
527 904
280 28
934 954
149 594
666 300
413 406
675 566
434 856
408 579
634 459
11 686
429 211
233 466
163 507
221 81
813 365
466 88
174 217
267 393
400 886
186 528
888 449
82 136
335 846
562 190
690 331
628 387
738 607
119 776
745 361
176 92
954 599
675 114
966 567
533 880
137 855
510 371
862 996
684 508
333 234
150 416
853 526
506 814
784 426
733 841
441 185
280 121
572 973
318 657
431 978
767 574
722 365
464 133
638 809
397 879
381 448
709 616
314 395
617 588
725 939
997 182
636 346
357 343
858 204
678 595
971 551
735 258
555 164
259 995
479 836
246 625
453 347
48 674
52 170
40 722
203 782
20 456
542 461
56 28
221 958
226 852
152 317
134 579
911 905
513 586
402 139
645 93
901 227
540 933
616 195
744 792
339 540
503 273
749 25
911 830
273 126
598 198
250 48
35 644
839 257
210 29
454 89
862 106
274 755
993 265
991 258
766 518
307 329
165 875
23 157
265 861
654 481
101 690
144 26
112 366
885 45
425 519
842 470
914 581
993 68
262 473
186 82
550 624
984 206
401 97
499 45
941 446
281 382
546 430
547 91
254 769
385 204
684 274
157 352
893 950
894 497
94 965
662 491
186 400
560 173
245 883
731 180
162 137
788 437
77 26
152 399
172 818
446 209
447 120
234 631
265 225
194 137
391 609
837 945
142 665
661 387
672 89
613 922
459 850
830 405
82 869
718 209
950 530
459 21
920 545
448 290
854 126
285 945
470 375
915 486
296 374
596 545
635 13
467 495
268 708
929 646
804 534
17 460
53 518
661 839
477 730
739 59
188 275
786 408
631 878
500 412
482 163
748 202
940 994
643 334
979 358
381 321
211 208
925 916
183 782
990 170
738 195
973 936
188 224
981 429
325 73
274 767
852 446
643 345
430 461
58 327
990 452
205 564
582 702
614 336
797 848
282 271
763 858
927 445
92 106
847 234
6 958
724 871
788 644
516 683
242 650
261 516
44 148
82 483
237 645
953 428
441 128
208 405
53 789
761 195
280 177
389 369
797 660
410 828
86 709
233 887
217 538
377 166
73 990
458 852
440 311
205 201
522 157
137 377
