1000 9884
530 640
237 824
328 748
845 57
722 452
91 799
898 827
459 211
886 734
977 786
981 698
268 827
341 219
345 152
787 497
551 120
38 149
259 584
373 554
742 749
817 826
855 966
441 542
194 176
815 436
526 825
307 224
621 389
576 522
5 374
748 776
269 129
182 866
494 644
371 459
856 473
553 415
807 534
41 179
2 149
889 10
710 411
362 497
165 850
520 191
957 470
210 701
448 832
982 907
841 357
165 803
760 403
136 567
415 431
642 481
951 361
553 202
794 36
213 664
610 284
116 469
334 388
945 225
343 334
272 341
515 275
185 596
694 764
385 106
684 650
900 528
466 151
818 448
489 78
219 885
349 714
758 686
854 937
581 943
855 320
185 822
883 139
132 747
543 487
641 123
953 313
628 253
663 974
759 917
427 46
335 681
966 773
268 33
186 315
212 579
78 325
446 233
660 39
932 780
795 712
147 949
856 970
216 553
983 435
52 215
74 907
534 955
259 535
462 966
263 755
507 235
471 524
95 928
332 470
100 842
873 590
639 807
640 761
473 88
293 461
276 765
528 890
47 818
412 461
20 285
697 361
562 511
191 627
486 577
400 284
907 152
41 30
649 863
979 448
248 566
835 676
85 172
213 888
621 139
917 890
57 740
574 259
631 854
599 42
597 994
322 640
383 57
19 672
994 142
649 569
878 868
81 660
334 710
596 29
335 43
234 153
641 618
931 53
495 945
222 923
957 732
616 834
728 828
429 266
496 960
162 273
168 610
991 882
261 715
758 539
466 891
552 264
241 697
667 543
138 489
416 806
609 346
77 228
404 52
336 290
379 388
220 684
77 117
774 165
427 10
696 561
128 429
462 617
668 559
134 151
15 432
471 306
475 695
795 724
336 223
372 821
963 906
88 592
158 424
768 364
806 500
467 756
359 898
565 115
490 831
491 59
844 14
579 843
87 608
517 1
97 736
78 797
174 604
667 301
227 498
675 137
227 302
784 527
93 389
610 785
519 45
446 547
383 76
95 344
887 684
990 134
162 881
71 483
878 913
538 468
630 118
117 33
634 125
637 810
66 737
73 139
257 988
559 431
413 721
451 514
141 322
286 310
898 95
645 818
558 237
562 208
487 337
556 502
83 188
926 640
909 974
954 201
862 566
271 835
170 543
901 991
798 361
141 774
200 222
863 781
243 160
778 253
566 116
343 197
698 52
811 895
578 542
890 796
502 558
836 474
105 336
444 76
739 718
948 546
627 503
423 194
928 416
232 109
216 626
124 75
532 34
698 278
60 803
649 330
243 623
923 129
545 425
432 750
952 405
19 62
118 408
224 550
284 42
342 208
623 321
820 917
520 328
432 878
575 418
209 310
908 727
511 161
574 763
679 320
709 781
691 270
291 811
182 903
492 107
840 518
627 928
544 60
535 20
765 882
363 222
425 823
377 78
782 484
407 976
232 930
586 397
568 656
680 970
144 98
926 947
729 387
213 530
453 3
810 708
772 730
207 52
923 495
926 962
857 615
89 909
269 864
41 530
334 425
337 507
615 1000
447 586
362 94
435 806
132 460
520 704
278 816
819 588
860 96
515 327
974 232
708 444
763 955
289 858
646 894
208 406
371 962
662 946
764 635
437 243
849 147
634 823
964 228
837 626
177 1
128 486
727 653
714 658
890 621
360 15
927 897
752 817
159 555
788 57
419 694
649 277
445 938
302 781
102 547
216 590
526 989
478 724
775 482
85 372
983 287
588 365
539 581
313 377
133 174
706 224
9 912
946 691
194 385
655 41
587 687
15 142
497 325
207 694
356 392
126 802
161 686
570 706
152 983
464 537
953 750
601 232
692 209
741 556
972 321
847 631
593 636
360 910
207 468
759 139
527 769
821 612
697 558
339 821
540 844
537 946
790 332
957 469
466 336
326 228
538 758
75 940
828 102
791 82
886 468
173 343
600 253
763 539
11 336
109 645
537 716
884 829
956 130
558 186
575 888
335 199
148 274
968 429
382 38
645 778
499 454
852 322
159 58
487 665
510 202
614 204
998 111
979 776
417 440
589 514
257 87
975 309
449 975
984 920
181 304
993 990
470 730
581 831
656 650
965 400
56 966
737 465
290 255
64 869
323 208
507 287
15 302
973 390
220 632
243 265
601 671
285 52
570 162
426 122
925 68
40 760
954 692
522 912
794 861
875 613
268 984
878 463
290 588
186 909
631 237
468 759
694 557
476 778
189 171
618 795
929 732
914 8
616 376
728 338
711 123
490 525
109 805
537 876
795 164
999 956
303 901
804 702
970 130
701 18
424 110
563 49
783 572
476 456
67 827
568 584
897 534
438 950
754 783
956 55
795 371
136 980
948 659
326 859
572 661
572 344
120 958
248 243
106 241
571 345
244 103
119 917
671 994
230 22
474 748
49 160
840 181
968 458
16 951
185 992
495 7
870 465
546 507
570 501
519 460
689 481
873 92
46 614
986 357
293 987
475 1000
591 462
360 56
52 406
366 114
668 552
372 647
454 753
932 801
402 852
95 737
26 920
354 573
488 299
150 66
898 992
313 320
299 642
854 80
787 153
679 351
955 991
124 56
806 550
365 270
654 90
217 303
571 840
308 658
809 979
131 251
463 822
35 535
678 255
93 309
925 69
939 737
706 748
430 20
966 58
633 952
559 57
944 573
435 559
888 257
553 942
11 283
804 7
128 544
168 289
170 803
794 551
525 475
954 695
305 120
513 435
474 593
457 773
853 943
488 941
586 810
625 768
111 789
506 277
228 983
567 6
257 415
663 531
478 975
279 810
984 848
694 143
306 836
937 906
845 817
225 636
744 412
351 515
966 819
436 858
717 503
114 140
349 979
996 306
584 436
696 718
638 314
99 414
627 502
955 575
3 986
498 190
940 297
66 346
108 961
39 328
403 113
351 367
635 944
856 899
802 313
218 176
809 627
175 711
152 734
104 311
692 472
568 230
566 433
808 693
971 291
352 849
42 245
522 827
879 595
66 239
967 183
569 252
296 376
973 610
725 385
112 946
821 926
641 314
436 444
934 230
368 169
191 795
218 653
44 707
581 484
908 788
966 38
648 297
120 792
879 936
691 205
586 29
608 573
93 59
404 237
597 763
379 914
231 909
433 762
457 848
775 746
582 975
448 573
197 158
126 12
954 379
556 475
3 493
978 389
891 981
194 692
893 886
680 263
920 310
262 229
745 295
214 546
620 609
107 574
805 689
208 407
98 791
229 495
160 746
785 845
233 88
663 932
189 849
707 780
195 32
124 394
689 103
896 77
664 217
773 409
24 184
545 813
965 620
678 526
608 310
94 705
494 223
206 723
103 889
272 981
8 379
959 128
946 801
858 53
369 32
550 530
5 483
703 284
834 93
749 78
532 404
660 577
293 440
481 712
857 21
161 542
222 97
424 440
297 78
887 369
265 582
212 447
857 902
87 777
257 712
165 975
166 408
478 158
672 509
231 322
969 685
809 180
630 12
957 468
919 161
404 250
842 52
255 217
442 422
740 939
676 179
364 455
538 188
261 819
894 718
50 882
487 267
953 643
590 584
119 944
689 137
619 456
294 406
16 829
419 136
737 133
421 890
906 666
870 91
449 861
980 495
107 653
110 540
275 585
234 280
77 254
205 393
557 180
405 839
758 735
319 129
233 960
803 332
681 95
573 842
189 885
851 600
700 493
360 477
108 875
825 885
526 710
424 826
7 949
858 247
808 960
238 13
124 500
225 902
670 158
708 853
252 441
719 414
364 675
825 87
204 52
521 334
80 234
833 428
778 359
617 422
416 923
401 201
114 664
795 921
562 900
484 634
982 489
533 289
140 449
503 447
571 815
40 821
350 22
245 228
173 519
28 270
356 643
892 589
265 878
98 298
97 789
905 564
193 506
47 387
729 216
396 185
435 421
314 542
244 979
309 929
909 117
32 535
913 882
880 235
376 442
853 680
641 616
282 398
474 971
240 537
576 67
651 403
706 986
214 793
106 254
69 10
582 125
129 429
737 48
690 326
984 599
496 625
244 407
413 926
215 278
146 891
243 89
867 947
318 517
409 751
565 524
755 453
340 785
254 891
760 988
818 130
379 390
306 816
517 570
225 704
807 969
137 294
873 236
67 37
987 116
60 938
741 45
63 49
431 573
398 302
570 839
241 251
530 469
750 866
512 244
380 266
113 897
275 142
494 262
296 680
621 297
113 18
294 41
94 428
963 682
604 648
502 63
468 891
251 381
716 161
331 133
95 164
57 896
446 598
930 207
145 57
829 738
867 164
173 619
734 763
608 362
106 542
378 987
452 550
30 726
967 385
53 705
576 786
273 345
563 12
362 311
218 819
700 499
249 598
197 391
953 985
770 225
364 504
19 815
519 990
667 875
904 615
3 914
330 395
64 371
597 599
525 474
509 247
6 977
248 127
799 156
514 28
202 592
828 764
637 364
339 409
931 253
953 405
456 219
534 330
367 495
929 396
271 757
608 205
717 357
542 848
154 689
33 288
198 922
774 135
781 921
57 27
76 337
665 724
320 675
816 792
855 217
206 946
845 483
207 958
833 507
318 125
103 933
517 833
494 649
208 903
887 217
624 12
194 422
51 467
235 606
696 924
492 327
728 493
385 984
728 412
964 868
89 422
821 925
329 503
181 638
312 643
643 290
204 512
151 11
923 82
118 90
65 334
304 642
856 111
585 535
77 931
197 345
697 897
796 883
14 688
435 413
773 589
719 735
559 476
84 956
801 796
417 711
235 184
589 937
787 737
850 407
499 383
845 159
466 396
653 184
642 395
28 826
767 191
897 895
135 219
15 897
755 844
991 378
677 97
577 896
709 78
67 334
667 80
219 155
849 256
613 283
90 868
271 713
756 465
81 47
707 783
765 29
289 954
107 863
626 965
612 688
433 378
100 492
915 843
823 722
316 708
544 559
266 301
855 253
579 231
322 68
531 904
271 141
534 781
664 570
356 315
344 291
15 136
218 260
186 870
498 532
65 159
908 757
378 206
807 813
114 708
84 949
834 205
230 962
766 784
736 835
808 68
56 309
196 687
41 39
214 218
173 546
839 237
148 928
136 940
526 457
178 725
537 944
50 158
593 796
376 304
468 256
623 904
514 305
480 222
313 840
72 952
819 917
53 987
649 764
287 98
434 658
254 19
1 285
580 423
791 419
708 259
410 458
585 472
713 147
785 526
77 364
633 452
300 13
410 637
414 29
298 762
661 506
673 990
603 285
586 581
950 482
419 630
828 906
940 204
444 899
48 348
586 724
570 49
385 555
548 616
697 178
91 207
590 295
834 877
855 129
512 233
455 247
440 52
169 922
800 788
587 764
604 566
644 397
536 782
977 908
227 253
284 24
782 279
695 815
626 429
772 489
810 36
223 9
528 893
184 279
540 972
248 714
418 371
911 855
348 637
222 66
353 273
562 743
627 624
504 931
912 506
30 837
97 717
607 181
865 446
826 940
723 968
649 941
155 180
783 574
648 275
889 417
945 471
812 155
567 632
399 922
700 95
296 909
121 210
957 360
260 744
13 272
141 347
805 820
776 879
499 311
651 402
943 922
33 991
231 980
509 210
590 677
205 761
331 770
832 877
727 596
489 158
70 493
970 727
576 354
48 139
266 222
267 107
879 766
864 45
557 6
650 696
941 487
944 85
450 386
876 828
950 95
801 489
135 449
51 826
745 256
751 161
642 951
242 947
746 355
507 317
768 65
350 661
931 161
164 985
46 580
955 642
56 603
635 918
172 616
212 973
618 712
527 278
675 870
476 970
312 27
369 30
8 703
749 243
825 227
518 547
868 135
912 681
986 854
713 950
146 113
541 152
998 913
948 142
363 358
844 495
723 646
999 589
840 938
584 820
967 499
511 951
921 687
848 633
814 418
545 959
575 591
689 532
198 86
625 506
240 856
496 690
923 151
107 8
642 309
572 182
918 430
296 873
206 492
151 381
739 772
950 496
805 808
408 466
154 250
872 300
819 708
676 91
523 968
202 718
232 517
340 592
550 967
903 237
912 55
706 751
106 501
510 403
96 163
161 783
929 387
660 277
438 335
3 830
498 474
523 55
363 902
54 159
863 927
167 916
374 378
797 317
251 879
894 727
819 411
497 227
426 161
686 707
927 575
694 862
56 222
385 652
117 827
354 479
907 515
655 161
255 909
130 812
597 64
643 758
61 821
725 286
231 667
545 136
274 414
481 674
189 209
9 859
986 989
40 895
347 877
596 412
423 656
788 134
156 68
575 530
743 620
16 279
407 571
697 896
607 141
79 804
35 386
589 983
145 326
143 983
19 733
828 93
758 154
981 425
487 400
418 633
183 955
738 334
116 334
957 656
960 252
524 981
283 577
710 936
32 719
197 11
348 105
685 358
50 745
282 267
582 246
118 750
491 627
862 646
556 469
701 540
847 389
633 190
582 257
291 424
358 368
937 724
76 513
90 465
573 691
426 464
742 202
390 63
964 80
603 304
324 311
845 211
551 830
9 473
671 363
548 486
475 978
315 909
9 298
284 756
655 999
259 942
901 355
741 100
682 850
898 823
393 165
530 414
751 812
610 656
367 567
617 456
604 336
907 956
490 882
881 67
865 838
477 536
976 345
834 91
249 489
263 937
92 124
799 470
274 386
368 489
95 110
367 833
598 147
105 798
192 469
934 177
833 2
230 594
340 246
657 220
344 241
981 933
606 265
473 915
917 866
754 516
156 640
235 121
622 631
48 250
169 283
558 991
923 174
410 23
875 169
610 54
666 324
704 63
260 757
724 50
714 72
70 719
850 376
939 969
482 532
231 343
35 156
864 292
37 630
405 498
723 107
563 658
103 245
162 265
288 948
862 610
97 292
6 926
137 989
120 131
233 164
471 230
606 615
573 614
354 976
116 247
614 82
854 941
232 492
12 410
819 986
604 92
699 176
812 113
157 292
285 495
849 252
741 422
766 119
564 609
507 272
968 798
313 79
794 902
856 267
218 84
547 4
351 272
815 641
267 667
755 276
547 544
659 218
473 51
636 128
820 79
678 869
42 203
853 129
708 644
94 255
95 66
245 225
613 513
597 140
563 276
322 506
621 246
363 266
348 638
19 454
277 694
939 617
300 761
355 382
195 777
951 570
459 652
226 241
139 522
583 207
71 507
18 645
905 651
283 747
235 3
515 964
535 25
931 788
789 414
771 255
248 966
116 390
334 373
172 368
887 923
957 438
586 162
269 758
195 40
978 440
89 891
880 602
102 979
304 102
508 286
718 185
298 588
741 760
962 759
779 23
376 888
106 289
381 362
38 533
699 845
849 216
742 877
319 52
397 874
15 271
288 586
114 246
223 424
449 379
517 986
848 431
812 266
9 243
217 880
864 729
114 472
761 883
416 74
53 267
165 321
991 181
355 47
907 964
838 552
655 98
986 855
721 482
575 283
946 457
806 620
164 414
278 386
749 421
718 908
297 132
453 17
804 733
474 182
681 46
442 634
188 106
960 499
580 804
247 521
585 970
966 57
718 686
115 663
813 682
691 918
211 168
567 607
179 902
112 355
831 986
745 669
796 527
746 750
528 437
819 342
247 399
82 214
650 808
794 395
928 905
103 317
569 851
2 806
205 365
701 616
685 35
672 850
185 769
537 84
133 609
480 707
438 798
330 447
984 851
180 33
167 774
684 108
137 759
197 528
322 184
471 396
441 73
777 935
392 387
361 741
817 422
161 90
141 996
519 211
423 254
744 189
587 601
90 83
109 277
517 830
475 663
63 420
195 363
229 588
94 522
664 269
464 275
872 144
658 279
588 212
815 615
574 899
557 719
190 904
967 176
454 781
84 506
467 498
85 47
485 837
291 672
454 156
406 339
833 37
256 988
549 398
740 604
335 344
338 524
763 277
191 772
395 607
325 786
753 735
610 160
79 807
761 308
335 457
800 392
32 994
442 932
883 713
791 74
994 178
104 5
889 88
532 934
663 396
667 841
705 446
887 978
379 919
819 690
417 694
116 510
444 437
118 516
654 736
70 411
418 856
297 717
707 578
923 513
799 114
822 305
806 906
684 285
854 902
747 466
451 145
225 556
37 843
450 459
286 125
606 415
428 278
949 852
76 480
646 924
679 465
815 895
601 647
512 400
397 946
21 113
393 727
906 136
20 286
833 453
669 119
392 157
446 464
312 980
21 948
904 312
796 382
711 365
312 835
496 160
114 371
316 923
415 961
623 470
900 83
446 669
175 65
144 923
496 398
773 892
522 572
526 92
123 737
348 522
4 334
478 157
314 348
616 574
818 806
911 531
158 96
444 132
301 269
70 74
282 74
106 886
912 205
788 415
288 727
145 690
546 670
469 777
365 936
372 68
637 560
96 14
314 957
304 123
654 879
586 865
20 783
738 548
171 749
686 316
689 104
693 608
915 538
129 932
176 148
214 444
505 808
993 579
703 744
100 307
561 775
638 823
879 79
533 425
441 897
417 848
235 41
976 137
53 133
898 792
190 102
321 245
398 697
670 110
886 942
959 822
998 792
324 895
700 934
261 213
403 648
868 380
283 174
526 798
412 458
126 834
587 476
326 256
735 236
701 332
481 745
317 67
304 878
265 760
114 634
307 85
917 788
667 501
300 762
355 353
585 604
857 999
14 332
326 34
496 313
518 940
118 896
639 965
786 364
904 767
11 599
781 39
784 853
841 18
326 204
992 936
867 504
210 813
966 367
13 270
885 196
478 554
372 41
64 362
908 61
234 54
93 913
22 407
427 581
689 170
407 619
767 881
144 353
976 666
849 428
65 832
735 551
463 389
83 485
628 56
888 165
564 800
780 805
730 584
529 739
569 590
309 331
721 891
743 902
45 321
214 472
219 114
113 715
702 637
23 902
591 635
318 501
156 496
677 818
848 416
542 420
750 75
644 476
192 563
280 182
857 263
536 876
721 336
955 866
156 5
263 867
217 17
53 443
844 410
298 306
887 20
443 576
155 116
265 532
105 981
365 411
203 320
961 188
389 699
856 406
145 463
424 2
155 146
672 312
325 206
587 183
952 536
365 701
614 588
634 390
726 606
213 633
145 745
643 118
104 526
650 774
196 716
441 956
806 764
809 403
870 772
582 136
676 1000
310 463
771 875
42 889
405 41
297 720
851 217
928 906
788 750
898 160
811 711
810 926
614 136
817 106
927 229
396 627
695 73
954 69
423 266
150 582
300 471
413 784
699 251
884 309
816 61
696 611
551 927
509 824
275 352
38 897
901 269
59 614
690 828
803 615
492 412
897 510
646 211
170 168
975 813
82 972
832 454
602 183
765 713
656 771
275 175
518 409
612 76
260 441
544 740
137 178
428 887
455 78
167 474
431 417
198 500
950 903
455 479
539 424
467 501
178 832
363 324
406 336
43 630
981 228
565 485
714 993
390 836
670 800
106 625
857 445
141 46
202 44
244 999
62 560
926 805
799 569
321 618
32 995
253 623
415 288
420 74
258 125
889 95
525 25
779 168
308 775
520 999
116 328
630 231
634 269
136 184
782 555
767 43
404 949
496 958
650 909
118 517
141 37
28 821
182 230
11 970
656 389
825 530
20 884
186 92
888 110
67 307
568 724
188 657
542 800
923 814
237 528
389 379
245 849
121 867
15 721
38 594
96 431
241 771
622 364
414 849
643 937
823 559
313 162
26 941
603 65
930 275
968 962
517 785
610 46
297 421
328 749
312 981
21 947
959 797
392 109
411 795
469 1
894 802
688 559
861 834
801 256
714 547
342 864
643 19
302 466
621 16
753 920
22 989
630 358
283 685
193 353
395 749
533 320
649 950
500 510
635 269
304 673
165 860
684 828
201 995
136 686
601 318
785 199
530 621
746 660
323 637
435 619
992 892
41 992
426 894
813 179
984 720
201 234
964 460
314 971
315 126
173 116
858 780
37 709
7 493
409 870
637 672
715 994
220 416
527 759
194 519
211 671
160 667
34 188
883 145
594 36
996 400
393 779
965 411
879 453
721 943
668 850
30 67
363 930
825 889
901 308
828 884
320 895
671 478
159 522
933 739
950 259
682 933
829 946
192 614
869 660
485 472
604 898
994 610
904 326
905 19
670 301
393 199
32 385
87 485
241 61
973 452
646 298
873 560
702 171
748 987
804 965
640 622
451 608
682 505
305 570
531 244
364 99
458 232
749 815
44 865
622 678
39 906
334 558
743 438
815 37
809 148
295 467
757 246
723 954
260 580
559 32
411 464
827 1000
379 993
515 87
708 376
205 613
559 262
42 158
728 770
504 310
548 21
732 858
295 628
114 887
337 454
913 545
715 925
223 982
538 958
780 855
931 197
56 649
608 950
522 490
337 224
814 658
536 258
257 295
462 360
898 552
771 714
704 743
335 651
873 208
368 32
217 596
54 289
536 32
755 212
314 402
578 679
12 877
26 997
392 199
247 157
536 254
135 603
80 202
137 149
835 330
412 9
485 589
252 328
623 299
844 4
893 944
333 825
80 345
722 680
192 675
786 141
933 842
401 169
627 605
901 236
679 299
520 432
957 197
939 454
498 682
523 775
514 690
456 982
329 424
610 811
758 403
908 926
411 158
957 73
303 932
14 297
286 806
517 725
115 744
611 175
745 865
969 361
625 511
442 491
563 897
265 838
516 265
519 986
352 468
767 54
923 982
239 617
610 367
317 667
633 851
894 143
913 636
680 129
521 899
953 552
352 161
257 402
955 231
689 439
842 671
229 71
732 354
509 823
592 725
720 410
189 697
854 693
30 411
733 584
246 549
393 61
105 491
803 614
473 335
807 86
845 415
627 506
320 726
29 242
748 750
949 385
402 964
167 103
192 528
100 185
708 568
659 20
753 145
593 360
259 63
194 469
145 255
364 901
665 788
886 774
635 2
302 439
468 923
217 157
550 233
705 277
776 54
902 682
687 960
265 620
891 877
892 514
282 78
507 612
554 887
871 384
806 442
359 352
383 110
311 477
729 276
951 749
218 787
314 722
777 319
232 823
874 394
987 697
98 748
351 738
609 216
202 670
315 85
430 902
868 571
685 244
79 357
138 329
725 741
124 562
552 311
236 960
419 352
457 949
116 158
408 207
444 661
249 571
729 833
492 829
788 370
557 75
561 136
600 722
950 26
466 607
986 294
860 307
223 605
149 410
670 20
447 133
859 77
806 596
740 216
479 884
778 509
281 643
764 391
360 132
307 959
159 678
479 660
243 593
850 539
66 42
928 305
824 130
316 550
227 197
262 580
657 550
790 767
352 882
795 944
687 646
669 919
356 438
804 930
217 72
454 879
792 638
278 473
395 671
217 249
19 431
22 978
669 697
356 660
877 310
52 973
592 426
943 63
250 226
452 634
235 122
640 848
127 184
933 501
3 112
922 838
425 678
670 940
107 68
823 394
567 227
16 18
831 911
244 875
500 157
926 913
504 216
676 184
695 832
145 688
679 823
166 718
6 627
690 460
905 1
73 470
898 1
477 364
903 272
11 920
177 112
139 93
125 282
92 69
311 746
10 336
564 991
653 442
343 308
823 78
99 816
806 775
112 873
385 269
295 262
133 679
794 739
263 292
803 371
328 849
826 48
186 339
834 583
319 29
640 180
845 69
828 885
171 26
393 996
93 745
655 964
313 189
904 504
685 557
180 395
660 925
868 24
639 863
949 505
164 647
860 676
38 168
373 535
570 625
459 978
612 148
445 27
28 101
322 326
929 726
783 247
455 422
374 18
50 380
51 45
434 159
71 214
735 127
79 763
852 825
985 196
435 315
486 858
732 646
218 856
718 849
409 261
357 711
660 54
606 10
628 582
115 557
158 539
334 987
162 582
988 350
571 494
542 701
586 161
242 938
64 667
173 87
214 653
175 761
183 130
646 542
300 94
746 58
177 493
766 57
788 699
384 129
516 874
565 385
719 877
388 713
72 404
471 116
37 136
392 539
409 611
285 496
603 381
197 516
458 772
336 424
485 281
103 734
333 439
674 56
845 105
377 797
251 820
733 660
997 271
86 998
17 557
933 535
511 639
840 248
534 862
703 125
327 409
702 191
830 112
902 941
544 329
356 511
416 956
310 353
493 834
639 224
890 666
506 63
70 724
680 552
644 131
994 472
430 316
758 253
678 102
41 99
577 81
283 426
212 508
639 439
434 18
553 472
541 551
763 507
641 941
640 792
331 631
425 766
362 323
988 435
71 617
554 581
67 938
999 13
197 19
805 980
609 179
130 204
282 307
1 345
741 551
244 65
10 409
284 808
103 318
896 426
970 759
244 496
262 243
639 28
165 576
533 841
953 408
612 955
957 844
689 438
547 976
242 832
519 46
333 23
25 798
121 837
674 437
937 797
186 267
295 95
613 160
445 558
599 909
859 96
401 584
57 30
683 446
920 924
686 711
854 293
985 698
15 413
953 84
517 827
497 112
260 276
74 970
181 822
554 304
661 508
205 327
59 337
622 259
502 882
263 816
895 761
738 501
563 435
838 523
734 712
165 243
703 375
688 660
198 261
518 584
325 910
776 134
460 663
729 234
645 492
313 915
487 63
70 109
474 874
809 211
601 337
672 876
624 222
552 139
263 126
535 66
893 558
838 241
287 117
201 204
19 959
840 135
780 58
469 995
846 271
421 832
601 190
10 445
980 465
656 391
328 88
741 684
633 307
211 645
519 509
346 279
733 905
462 673
779 161
148 235
450 377
90 784
474 784
4 576
920 73
638 873
787 283
570 137
533 259
402 775
425 446
16 968
521 340
613 934
405 737
247 104
285 843
380 335
473 475
436 201
699 709
596 879
209 561
82 833
85 238
855 990
434 406
598 246
605 792
252 736
460 593
809 883
810 220
958 428
303 121
622 793
401 1
274 273
264 263
411 168
468 47
434 75
731 995
678 174
383 188
921 619
744 630
726 698
529 414
291 959
991 322
210 693
690 235
636 659
299 245
447 945
529 184
549 181
352 725
311 198
290 439
106 132
123 814
144 489
515 138
75 643
477 363
81 578
245 767
727 591
488 604
107 754
92 70
439 211
187 186
150 290
483 835
390 509
170 498
156 863
399 577
437 111
98 834
816 153
360 293
675 46
569 567
956 939
333 78
802 183
769 422
521 517
872 303
362 319
674 509
821 378
513 953
384 883
404 382
691 866
752 852
470 11
753 493
223 449
722 25
134 306
963 918
965 320
91 883
62 80
834 921
547 548
15 122
110 64
293 356
609 867
593 294
556 686
833 343
816 515
325 659
370 831
398 225
990 671
863 407
4 120
920 609
504 164
174 584
716 750
568 19
753 41
300 982
268 644
810 323
973 693
903 802
705 63
61 575
1000 621
164 324
374 317
412 538
407 649
397 202
143 922
754 695
848 688
577 406
409 260
706 562
339 71
896 818
880 225
747 491
210 808
62 857
225 173
723 154
90 741
129 423
166 890
352 35
779 301
136 825
710 775
898 149
612 817
849 417
888 57
280 979
614 114
906 779
604 60
931 340
37 985
975 647
279 908
602 684
453 681
307 419
327 741
168 934
780 661
881 348
795 684
742 265
264 820
981 649
583 581
986 49
789 530
742 722
285 819
325 742
513 720
553 515
579 819
906 417
359 523
222 257
39 757
688 745
288 231
880 321
268 605
950 809
757 517
904 977
246 10
377 457
30 795
700 683
458 10
773 689
244 543
942 728
309 685
247 916
397 157
832 677
60 185
79 847
162 841
544 383
490 266
87 956
753 640
516 356
918 304
465 568
590 313
766 670
396 42
825 359
294 562
519 980
126 807
76 933
992 806
421 986
23 890
742 374
80 474
788 634
699 417
477 339
824 846
605 87
71 799
898 377
737 199
521 786
59 959
561 17
489 14
825 429
936 587
620 651
513 199
54 225
239 47
205 75
444 977
410 801
821 257
290 459
772 987
129 847
371 780
299 27
686 597
90 172
966 837
953 234
574 730
422 295
298 977
670 73
85 503
86 912
91 778
129 617
422 438
47 559
666 561
627 285
955 786
557 698
525 517
981 798
514 963
660 709
554 448
373 718
104 333
621 408
824 686
677 390
198 153
477 672
226 992
355 220
854 230
568 459
570 665
61 18
136 343
710 612
139 872
585 648
628 136
49 78
523 867
455 766
60 238
373 913
265 902
451 827
163 995
514 519
572 369
40 130
630 59
740 559
339 910
311 332
594 616
22 129
248 340
709 329
163 301
296 842
779 835
795 304
409 109
198 914
318 349
800 605
970 822
510 71
386 965
108 174
850 288
585 85
608 180
839 728
3 466
699 879
585 38
968 442
805 553
898 349
662 162
846 447
849 489
775 897
854 922
170 199
548 269
723 289
889 521
732 670
768 992
883 39
225 657
813 671
394 142
712 157
915 992
96 418
43 237
357 261
878 217
355 828
1000 39
308 110
881 356
932 864
368 689
534 916
740 169
704 975
75 908
234 882
643 840
497 228
42 65
924 167
895 668
133 926
604 735
830 9
133 295
282 611
896 777
948 220
576 515
467 402
945 636
89 388
143 739
226 119
959 589
158 43
203 269
994 112
708 867
253 671
348 693
990 252
829 162
960 63
446 882
179 853
680 942
500 159
176 765
763 531
899 477
944 754
898 775
732 881
514 188
302 878
225 241
137 887
374 914
549 406
879 627
757 339
81 978
429 280
841 166
259 626
902 345
206 122
625 355
348 287
521 699
370 323
617 962
279 875
998 321
266 6
105 246
12 614
659 549
129 774
223 546
115 429
299 210
814 599
214 291
967 675
659 402
927 469
988 734
807 314
313 82
851 718
485 372
556 905
498 193
213 346
741 992
753 381
893 441
952 85
592 76
521 192
665 801
260 3
869 513
504 715
680 590
471 869
240 197
918 157
4 8
977 672
66 409
946 433
674 640
952 802
239 914
166 300
481 350
27 86
579 517
981 153
784 683
549 997
576 781
579 658
563 57
817 995
61 316
135 597
45 186
605 319
71 391
40 489
120 855
304 430
982 799
549 168
842 162
243 801
386 156
724 194
541 788
357 935
488 554
768 620
328 179
36 204
590 687
516 566
610 313
573 309
794 432
818 266
343 357
183 156
836 186
547 169
287 866
620 672
793 154
330 871
500 550
967 758
113 719
497 872
110 494
983 8
231 398
452 464
589 145
297 924
404 275
209 205
670 82
48 717
525 853
694 216
694 884
271 45
474 219
717 45
954 737
313 223
938 835
478 24
892 53
51 591
52 188
812 662
22 170
835 335
213 495
469 85
641 39
294 32
61 811
78 763
942 908
601 782
94 985
222 262
377 351
708 741
179 465
435 123
218 617
885 13
857 86
87 857
814 420
544 152
947 69
252 783
201 875
849 951
956 909
500 305
601 458
896 864
697 991
311 363
684 775
672 683
273 432
482 614
598 664
929 767
549 332
711 817
148 555
562 201
349 171
417 542
453 328
58 280
166 871
15 938
253 139
757 267
172 119
814 834
570 302
183 273
764 800
29 651
323 114
180 521
299 11
64 822
121 843
52 451
750 670
663 777
333 486
981 586
798 112
376 631
638 883
763 339
86 817
829 902
150 791
924 635
284 285
671 403
530 549
177 971
945 474
846 911
260 278
471 265
30 696
15 12
679 21
627 284
77 707
886 635
62 105
964 589
370 774
548 619
497 336
461 605
422 638
161 665
456 791
532 504
657 857
824 356
994 506
248 520
174 752
70 833
862 189
934 798
94 75
815 105
946 200
966 143
592 655
161 852
187 724
49 382
410 61
995 477
800 397
965 845
16 412
969 266
435 482
473 603
883 636
814 162
446 806
822 633
151 343
905 855
931 979
168 261
336 935
119 932
83 242
34 434
969 245
309 636
382 386
304 375
232 615
681 602
646 740
461 994
49 224
840 245
555 538
333 168
457 660
891 846
355 577
335 735
105 170
487 816
578 635
726 419
949 192
128 366
371 664
498 203
428 561
500 750
533 370
366 413
21 983
924 817
449 471
692 277
450 904
507 217
470 463
699 711
705 646
243 707
691 599
449 64
14 837
284 182
982 453
706 411
602 344
948 332
363 292
661 865
60 284
867 148
490 673
476 460
369 612
98 58
852 151
286 853
931 512
108 135
92 540
58 924
938 600
446 883
469 562
33 521
684 975
305 236
745 719
384 491
112 416
866 793
280 684
338 158
583 794
115 880
520 534
762 457
211 325
763 880
73 420
477 410
346 477
851 149
393 557
799 93
795 855
391 731
223 783
775 996
277 596
357 245
929 476
931 250
737 383
703 646
353 630
617 961
101 240
965 391
604 201
21 287
354 716
537 87
358 624
162 199
817 481
784 537
272 922
55 929
313 194
445 965
317 125
29 6
178 704
621 684
734 981
21 610
703 90
337 725
319 845
33 188
395 735
437 658
136 163
730 215
144 734
256 716
356 597
449 221
566 736
551 372
407 220
563 282
69 557
296 199
395 525
360 718
456 525
775 74
554 842
147 624
297 291
279 119
231 158
400 52
93 345
884 580
848 690
615 756
102 393
69 208
733 361
553 131
13 187
188 162
709 256
567 998
804 20
248 252
509 235
828 353
975 498
926 658
429 490
185 638
41 738
946 201
653 475
767 973
73 721
326 653
37 886
497 525
498 350
25 150
615 265
618 127
626 546
521 639
964 150
113 718
537 156
721 911
298 872
190 346
945 711
450 191
214 332
94 758
683 343
315 971
467 928
284 314
582 783
789 687
920 818
557 451
712 436
64 185
311 896
384 639
498 885
302 701
798 838
208 88
956 586
259 650
242 366
703 120
191 443
744 40
661 711
276 667
631 121
856 381
804 997
297 502
885 797
452 713
820 335
62 694
914 244
936 324
705 25
304 670
840 800
837 244
416 524
398 908
343 964
773 593
207 181
407 823
448 780
748 511
951 314
260 688
616 793
301 481
749 995
358 109
125 366
703 33
223 929
867 761
987 709
236 984
538 926
405 165
228 984
779 472
543 131
175 783
822 478
812 160
760 913
867 983
941 452
157 373
713 317
932 537
717 285
936 732
404 466
81 59
363 977
632 638
440 294
955 473
781 913
29 940
927 919
660 114
898 699
555 505
521 428
522 127
405 601
410 961
983 412
454 714
823 631
356 981
354 470
781 883
290 538
165 414
437 345
705 697
407 433
636 87
303 256
969 892
677 563
234 943
114 222
22 744
333 553
2 906
139 908
781 597
810 111
986 821
94 302
639 630
964 876
52 806
969 325
511 963
421 471
593 526
903 983
305 582
657 233
928 900
296 159
568 794
952 207
800 287
503 748
770 955
712 827
667 33
631 784
500 278
463 130
329 170
168 232
171 827
499 726
418 624
914 525
952 680
2 115
277 315
819 932
376 506
563 782
305 2
921 875
822 261
900 991
816 402
568 871
537 280
564 967
969 908
819 598
67 218
842 477
306 714
572 806
528 196
802 831
430 612
148 157
132 762
710 623
586 553
932 573
206 830
802 1
422 758
958 900
194 881
588 385
186 669
647 376
794 988
48 662
820 860
603 68
52 198
346 935
557 523
341 224
858 58
997 469
947 704
251 223
35 922
604 729
164 766
112 58
960 629
108 339
107 977
995 93
191 576
341 435
888 902
647 845
999 914
483 603
937 2
880 26
164 291
757 876
80 722
526 465
895 210
936 427
934 906
648 383
888 612
563 76
726 552
505 404
141 222
309 780
535 498
187 352
157 840
103 12
378 765
107 457
624 253
765 12
550 725
789 387
849 664
188 782
600 374
228 192
106 131
417 596
71 707
2 966
59 27
525 282
763 883
802 609
372 311
571 164
384 266
993 778
998 101
746 962
17 441
348 362
23 642
82 442
485 15
582 503
231 543
825 674
73 645
718 889
974 125
104 813
197 256
396 903
751 149
399 352
280 152
203 560
99 611
76 297
604 1000
381 417
208 25
137 19
751 62
122 292
12 981
99 664
130 892
646 156
761 856
815 639
372 843
817 706
123 71
621 316
949 453
181 875
403 289
385 894
705 865
427 487
601 816
324 869
109 249
95 58
390 610
709 826
130 401
327 651
204 424
679 258
807 713
97 578
459 935
338 684
139 805
545 826
674 670
74 370
771 296
870 726
959 611
528 531
527 879
37 223
790 503
701 40
282 150
434 983
985 741
44 636
724 494
608 527
957 352
463 491
690 29
486 952
977 806
475 429
535 135
336 977
871 47
656 36
180 866
224 102
775 805
922 235
391 28
568 799
552 356
297 673
431 341
880 672
898 259
573 643
172 28
375 551
211 702
584 164
7 242
444 968
263 260
290 418
772 994
521 550
977 36
500 599
301 610
655 951
802 73
531 637
949 150
567 331
806 513
793 442
578 672
348 68
138 833
170 190
872 44
731 499
412 102
181 990
649 420
907 620
472 777
648 876
920 721
446 381
416 944
893 672
899 957
352 830
424 347
479 511
173 832
155 477
798 609
910 95
434 300
436 418
476 663
622 724
329 339
457 358
477 891
938 767
923 65
83 668
745 868
1000 987
500 132
596 751
207 180
27 316
2 850
321 561
412 1000
168 473
628 678
145 908
914 697
899 279
576 440
280 741
281 76
814 102
121 269
653 284
949 645
396 267
77 329
974 872
831 673
764 644
96 204
993 818
426 597
297 875
941 434
319 482
688 652
756 87
936 733
920 194
206 803
45 415
391 695
641 184
703 814
599 905
109 846
150 437
660 115
241 269
186 646
849 78
175 967
29 92
671 413
30 303
190 716
290 680
879 222
99 264
578 833
838 877
195 765
199 285
40 698
242 256
501 533
30 713
622 39
536 846
810 85
494 410
672 158
985 833
571 896
878 380
854 444
133 337
434 95
491 257
874 683
705 75
388 289
121 657
122 47
322 573
967 463
19 519
114 955
316 67
429 988
835 873
729 238
143 942
420 225
874 612
933 18
35 394
705 262
690 82
235 179
74 255
644 679
970 821
831 301
383 728
33 461
864 399
701 49
228 622
428 88
346 497
663 728
98 954
76 485
28 977
180 632
382 354
591 362
759 788
225 549
814 719
600 774
76 392
2 551
9 449
851 582
945 701
105 168
323 225
911 480
234 460
630 926
73 970
937 893
595 589
632 370
272 865
313 164
901 363
691 955
48 663
761 835
388 193
47 972
413 306
623 249
695 668
610 680
293 332
945 426
668 264
445 129
262 569
339 201
53 332
551 509
95 961
759 126
796 484
264 45
402 199
743 682
115 547
97 918
389 620
835 692
430 376
412 643
530 90
643 265
65 289
162 861
714 158
939 803
963 923
619 791
286 746
892 769
553 165
535 13
719 336
944 614
373 148
49 326
288 750
788 991
609 142
150 196
740 812
597 677
727 730
508 556
453 381
19 991
944 324
233 259
487 510
253 192
288 972
96 686
564 932
650 973
362 968
153 179
473 34
372 353
50 733
803 489
83 46
592 628
516 770
902 495
390 19
486 424
422 640
115 430
355 639
214 294
324 674
129 948
722 269
225 803
176 489
398 344
418 426
632 482
156 282
583 605
674 219
604 920
535 798
541 105
488 329
791 485
981 924
584 866
243 673
762 627
928 193
90 308
612 145
762 738
209 674
454 844
274 478
4 11
373 766
669 743
800 122
70 892
718 952
536 676
939 609
508 908
606 713
878 534
311 403
335 281
706 671
134 924
197 280
342 843
607 205
349 205
5 897
980 81
339 75
875 141
88 329
931 655
895 70
71 384
398 720
737 876
386 232
261 908
353 123
245 445
525 91
283 656
185 674
404 900
825 536
867 590
952 144
604 363
24 655
991 977
558 76
245 735
90 656
16 787
714 374
183 153
920 457
760 8
957 946
543 169
637 350
860 35
92 213
268 717
166 762
216 981
875 614
16 561
24 476
354 895
262 42
410 713
12 517
863 930
789 971
403 128
115 394
389 445
63 170
120 500
107 798
242 752
538 636
523 224
615 925
357 346
716 279
403 94
351 380
547 631
587 514
976 593
825 121
220 885
369 21
99 380
762 548
216 384
658 299
752 594
466 255
57 848
521 225
319 752
217 26
580 229
955 305
333 916
942 514
820 474
910 786
643 419
991 83
792 699
762 873
869 947
563 376
122 8
51 12
783 327
36 728
532 709
507 525
369 593
867 174
169 417
200 233
563 233
288 473
701 75
961 141
714 214
622 567
398 573
757 212
247 694
589 955
353 903
649 722
304 333
253 934
880 912
55 144
343 195
426 816
633 56
652 70
896 560
250 217
789 299
37 566
538 109
866 590
898 524
85 974
121 509
638 186
861 457
20 863
866 545
214 541
107 591
971 946
565 803
292 555
521 871
79 429
163 990
719 765
189 834
39 891
580 21
263 363
391 694
108 790
291 403
424 877
646 936
719 610
794 599
890 800
617 40
220 576
502 517
555 366
403 13
629 657
99 698
426 150
501 754
582 873
776 464
660 995
147 16
996 225
497 107
685 624
634 108
711 496
911 210
277 313
562 864
815 310
393 257
87 427
623 341
290 907
313 474
501 389
191 473
673 330
108 361
400 434
644 221
350 186
646 391
877 187
554 238
670 664
982 670
701 254
155 198
131 126
982 521
307 259
435 374
93 366
538 397
866 46
153 937
999 846
706 928
326 252
607 261
274 603
446 17
832 17
687 157
212 243
296 846
631 560
814 16
466 386
583 429
736 364
681 701
735 630
793 795
775 735
373 465
309 265
520 716
867 791
391 103
899 315
314 16
686 296
120 223
29 763
225 162
965 287
606 515
629 930
462 315
105 30
15 681
197 566
617 270
869 196
289 944
111 129
168 979
6 503
803 215
46 788
640 93
368 550
845 44
756 761
377 984
564 436
503 104
198 670
604 949
707 684
247 103
125 730
337 639
907 951
178 568
130 952
38 17
830 13
65 149
122 878
319 520
587 296
162 267
922 575
260 186
503 428
587 441
921 765
834 370
196 847
195 42
183 579
817 864
70 51
911 539
257 630
944 970
827 965
650 886
978 683
406 192
598 596
413 764
178 419
272 164
935 859
379 843
453 380
292 830
24 692
645 894
997 639
144 381
219 979
880 567
983 941
989 380
741 715
872 630
764 572
855 343
267 214
984 868
698 158
387 613
720 661
673 980
730 751
327 623
884 372
315 563
580 109
652 358
345 436
683 364
756 686
918 757
479 961
871 687
65 510
110 103
863 623
242 103
939 23
301 832
781 808
912 921
33 192
510 876
369 104
133 487
645 297
561 618
998 641
17 724
330 661
664 333
224 798
945 831
446 327
213 440
251 253
895 700
795 914
78 786
268 562
929 744
181 523
677 250
424 496
425 89
43 550
327 927
781 492
378 91
823 826
161 567
437 235
863 176
294 885
614 894
209 835
305 652
14 340
342 609
697 598
438 608
393 810
295 253
335 280
192 26
890 97
943 217
965 881
342 720
688 354
84 911
966 101
514 378
951 723
308 855
990 367
847 482
280 540
577 282
706 958
758 464
144 443
876 351
900 514
376 52
163 118
55 60
945 56
999 453
140 798
565 714
936 965
918 853
271 629
309 290
970 556
148 224
677 22
104 764
86 572
607 213
944 222
394 243
307 686
788 423
972 644
677 49
492 545
717 88
119 322
925 139
945 597
765 332
707 121
759 658
975 849
636 479
768 377
678 732
626 229
350 957
521 151
596 829
668 450
579 169
7 688
636 78
13 563
86 107
568 214
217 1000
594 618
532 369
369 229
167 302
405 447
330 792
442 958
293 536
321 971
433 529
160 439
252 549
744 661
49 961
35 690
108 36
58 881
437 774
277 721
494 841
334 994
61 122
762 985
196 903
828 220
22 783
528 640
88 183
435 394
700 390
369 690
922 952
154 46
875 104
640 477
418 619
974 588
577 742
27 709
211 32
582 113
257 131
98 690
32 685
361 284
832 835
962 782
559 656
581 72
230 46
54 548
560 893
154 994
376 814
486 279
162 441
295 656
992 392
481 655
864 178
612 560
150 713
937 443
779 187
711 828
930 37
234 470
570 12
609 738
497 776
884 428
315 635
708 242
363 867
860 469
772 599
898 694
354 610
63 94
66 430
599 120
711 610
712 324
769 643
788 153
475 750
763 988
208 995
143 418
618 940
964 570
413 300
332 444
705 702
855 816
568 242
397 760
682 134
635 170
908 708
636 193
127 478
41 423
332 354
104 449
386 877
212 683
781 308
784 600
639 448
568 443
804 619
201 698
534 45
244 632
465 893
908 953
434 48
886 568
917 965
169 181
795 489
763 413
774 865
761 172
231 48
322 844
16 47
128 617
75 524
496 551
201 577
407 709
410 219
29 449
291 429
770 75
774 643
337 502
698 921
880 524
116 118
906 746
623 489
927 48
968 447
162 362
509 1
955 171
560 793
195 972
871 855
139 102
656 268
181 303
608 117
607 873
120 335
231 581
324 313
401 780
371 894
485 202
547 835
234 458
641 154
751 227
793 455
471 76
445 588
381 410
829 934
393 66
916 913
582 842
860 552
916 362
606 340
962 248
838 847
522 880
686 967
708 539
51 312
472 227
756 783
117 519
562 916
563 405
892 351
566 536
35 93
112 45
666 918
354 74
164 129
947 995
946 35
71 235
93 431
644 65
294 846
169 442
815 152
672 410
451 909
507 537
236 441
735 913
69 438
739 466
196 194
84 5
905 462
515 837
921 542
211 250
340 478
398 762
295 874
2 519
306 365
241 988
793 837
991 622
983 590
253 877
371 286
297 647
871 149
937 804
125 275
417 474
186 137
206 204
176 943
893 814
881 878
214 672
81 89
348 357
519 334
120 252
566 15
875 636
665 267
996 408
834 559
979 682
657 46
561 830
963 126
927 987
17 792
733 536
419 752
208 141
280 266
65 564
806 619
984 421
207 201
78 454
206 571
180 761
203 787
219 688
360 886
161 379
535 905
203 224
649 578
242 326
485 674
714 764
622 989
532 461
848 874
846 741
830 46
743 891
174 594
820 448
401 86
592 367
184 255
300 983
321 927
819 136
169 67
867 180
834 343
84 170
250 158
363 149
2 357
307 309
670 864
340 387
478 497
447 834
874 442
982 929
1 596
734 198
700 82
637 905
672 755
130 227
872 806
743 29
451 421
326 999
681 756
357 819
712 798
395 90
108 925
126 112
914 882
862 580
96 35
611 708
334 29
524 245
1 16
58 99
665 57
997 884
101 143
376 898
585 370
345 757
860 751
884 218
498 429
261 479
997 965
210 505
72 490
915 942
402 679
792 35
996 259
13 354
854 673
444 424
837 573
161 180
569 311
646 93
176 790
924 599
302 999
943 582
68 653
587 951
219 363
592 783
316 647
152 672
890 748
119 242
910 657
927 733
587 516
75 360
773 231
997 409
302 705
829 688
311 674
114 688
522 667
163 55
178 853
910 34
469 178
492 117
639 559
549 819
458 52
9 518
835 654
199 783
335 511
726 740
714 212
87 954
349 47
956 121
649 583
342 339
339 105
948 725
897 589
426 943
226 397
889 59
62 895
230 461
358 150
984 737
197 28
272 237
36 158
419 110
567 451
40 345
629 57
577 662
600 305
638 227
280 791
244 72
137 946
210 40
375 742
177 433
568 830
309 660
794 256
304 60
840 222
883 160
367 499
617 780
998 179
690 576
360 355
755 922
370 132
595 965
890 959
546 131
507 357
445 551
172 801
87 214
976 523
402 794
775 351
389 32
906 154
855 237
4 649
468 606
930 375
330 603
821 984
189 260
160 246
342 226
754 162
536 849
187 815
27 326
89 1
688 782
221 516
316 888
173 673
23 426
948 373
915 356
98 160
1000 540
947 55
14 354
19 520
256 982
390 829
805 425
781 132
567 663
382 976
150 715
93 364
793 590
386 908
79 809
20 89
121 99
192 963
529 68
698 725
454 455
287 667
520 769
334 665
637 69
451 607
257 778
826 203
831 992
306 119
857 625
759 551
396 847
386 321
225 239
957 534
852 316
74 491
288 931
654 134
996 287
2 913
561 422
963 470
563 560
337 910
286 329
236 824
771 991
663 725
1 710
211 650
358 367
589 253
555 529
276 86
46 568
395 320
396 927
882 508
756 293
258 984
465 132
321 658
52 428
287 583
132 516
337 962
696 759
682 950
385 628
81 453
134 329
630 122
453 909
577 33
669 77
122 906
998 667
586 427
216 459
582 986
234 892
492 264
242 94
118 502
7 763
123 44
180 221
454 980
51 729
991 247
374 159
1000 346
469 249
221 616
256 660
443 530
925 694
909 273
325 986
98 257
571 798
255 281
644 66
662 801
317 166
765 808
19 548
211 98
832 337
118 946
943 199
566 938
861 986
199 727
202 73
165 835
424 195
982 922
523 772
126 488
58 520
274 957
957 344
121 232
620 246
550 713
610 444
996 837
353 973
562 59
296 804
589 868
559 730
219 981
385 123
439 808
666 156
764 719
283 836
675 70
20 785
871 15
633 464
206 268
712 961
291 68
72 96
642 820
129 353
646 852
245 907
841 652
517 713
462 644
312 301
65 523
233 749
640 59
950 280
459 287
261 351
596 948
474 292
419 977
313 310
377 619
12 928
161 378
596 650
246 263
69 758
285 985
215 536
517 30
542 565
464 612
660 618
113 323
635 450
175 111
322 497
222 78
259 448
830 777
635 435
417 968
274 767
97 800
743 425
896 922
799 504
508 877
457 535
202 822
153 784
601 851
374 783
698 636
974 993
11 815
747 217
219 896
699 410
917 335
921 132
760 156
63 531
745 456
875 829
785 597
1 230
371 106
529 591
409 841
466 874
567 194
414 474
785 742
438 460
98 865
673 517
893 930
896 228
256 67
206 971
814 165
543 345
410 839
142 738
915 798
935 483
792 83
497 243
636 887
924 592
768 204
588 453
271 43
698 261
994 940
631 417
66 507
88 607
360 265
425 915
327 256
8 133
830 489
668 476
411 813
854 499
454 909
916 658
961 511
85 175
820 54
750 179
13 140
632 846
616 307
212 294
13 787
985 98
288 254
930 677
841 206
790 693
759 208
652 686
1000 638
922 659
584 800
550 85
735 91
402 413
499 931
554 811
978 591
84 62
823 876
87 949
442 496
539 2
387 273
170 931
979 203
726 596
840 515
253 562
707 949
1 439
761 7
249 859
766 272
641 583
280 745
135 853
176 778
822 689
624 392
291 43
845 624
810 460
922 203
817 23
943 563
927 94
219 797
112 715
426 593
29 532
766 93
362 783
736 16
370 306
349 827
588 684
718 19
890 956
724 672
108 957
957 349
659 611
881 535
461 171
376 637
31 830
821 443
933 721
436 991
461 380
811 253
341 870
177 973
786 949
716 310
632 541
741 197
544 655
449 461
621 367
255 945
865 965
406 925
445 889
284 57
801 129
307 840
750 220
492 180
441 530
429 677
222 484
832 424
959 961
468 940
446 447
606 398
164 421
41 54
114 548
867 126
425 919
869 980
84 380
965 533
947 54
910 174
895 852
645 323
114 951
278 276
654 179
527 931
511 44
645 468
253 613
886 285
10 752
220 959
145 922
844 971
884 808
405 369
316 300
944 717
796 614
598 702
89 926
617 572
500 928
728 707
582 226
414 368
129 480
457 979
137 941
375 709
16 862
271 574
862 541
387 969
157 419
985 802
453 584
1 95
814 723
394 38
305 449
289 964
56 569
717 316
275 281
232 154
214 286
785 968
932 905
369 359
601 652
30 508
270 399
94 691
96 552
748 692
450 19
582 840
878 83
309 220
648 970
170 114
394 634
752 526
237 74
755 437
705 664
375 476
88 646
750 248
485 397
757 676
445 14
311 741
613 529
652 743
175 74
674 631
736 848
118 597
350 36
460 604
579 558
598 867
86 482
75 895
539 172
929 792
481 420
307 352
764 680
934 911
140 128
344 795
456 757
554 626
352 294
595 354
390 568
106 893
362 131
555 944
79 34
763 665
415 44
947 841
148 489
149 912
621 98
76 891
811 744
572 88
153 745
195 453
149 114
194 541
603 763
250 897
345 671
452 197
57 275
534 271
746 225
820 616
177 730
31 259
641 75
111 49
827 352
290 579
923 949
34 146
786 731
920 330
384 843
186 715
719 551
247 294
547 718
76 142
332 224
316 765
392 213
764 227
161 392
659 377
448 501
959 170
601 906
29 177
178 589
142 976
753 199
365 249
419 929
118 467
14 142
221 986
203 115
795 919
298 325
9 782
636 779
365 283
38 387
813 775
479 279
360 742
305 560
412 332
431 208
531 254
500 726
109 790
791 816
374 354
387 22
169 445
210 623
969 68
87 803
53 767
882 617
244 946
460 727
419 581
49 644
192 970
875 240
896 923
513 27
491 235
808 183
169 355
173 283
746 623
987 843
572 167
922 978
279 339
879 958
664 645
975 75
373 485
175 531
110 744
851 198
644 938
362 921
129 40
701 600
776 785
392 806
42 678
654 854
949 590
751 470
474 366
127 616
55 479
183 266
138 409
727 329
216 985
906 222
726 396
917 145
370 158
741 381
561 207
319 171
30 26
380 971
823 659
751 180
739 660
115 398
812 472
523 151
413 919
161 74
915 801
54 319
275 446
504 864
134 156
377 804
855 203
275 47
242 134
444 170
172 605
212 978
253 635
693 13
363 678
117 987
557 590
309 103
360 852
971 308
242 360
762 659
335 110
964 743
377 352
697 661
565 947
653 706
605 713
677 204
92 956
718 920
773 697
226 54
928 455
799 697
714 835
274 736
302 242
286 663
288 588
719 276
311 352
439 431
316 716
478 467
724 15
44 492
715 708
974 595
957 671
961 580
620 831
326 950
384 425
225 193
188 819
608 762
136 846
46 465
481 907
202 755
991 817
543 248
818 297
823 24
3 527
794 270
617 865
194 722
406 889
747 10
181 456
111 580
281 482
390 76
600 704
506 851
430 701
548 352
197 606
932 519
668 893
483 609
786 656
215 46
107 865
882 297
440 300
870 370
349 804
411 637
798 123
655 918
603 449
290 306
882 184
275 474
262 820
565 901
731 421
18 456
817 700
471 599
459 183
593 256
160 8
991 157
721 425
800 984
972 254
442 849
39 657
852 932
320 381
304 850
454 136
807 652
340 568
460 569
463 874
66 896
678 187
257 765
169 839
10 927
2 299
259 168
196 629
801 701
511 188
831 925
995 739
580 659
546 799
533 515
951 276
588 626
171 846
44 464
316 301
67 625
28 665
488 730
50 833
433 79
918 884
800 4
733 77
606 741
202 535
794 499
546 592
28 959
659 819
445 813
58 438
42 979
759 866
216 994
270 707
343 411
181 300
698 134
699 163
936 559
831 422
211 637
568 3
508 201
660 318
93 609
756 295
662 196
744 487
962 418
998 300
158 167
613 203
635 527
707 138
928 621
74 821
919 801
336 248
601 216
138 770
730 984
858 149
877 855
528 142
388 206
25 652
946 720
273 890
111 464
189 294
941 887
493 880
477 619
65 105
820 495
491 339
420 989
153 766
246 475
670 617
305 523
491 480
311 533
458 251
539 318
420 815
781 341
286 973
985 202
416 731
257 729
645 422
792 870
169 431
245 130
264 415
598 398
502 275
969 350
771 464
918 257
11 551
463 789
819 508
718 117
568 700
163 352
970 112
538 284
248 376
20 590
905 884
287 475
69 7
144 482
774 610
482 664
196 414
197 867
879 635
573 520
983 83
797 948
954 938
375 680
49 180
593 154
915 697
384 191
577 894
172 54
910 892
893 924
894 431
698 154
256 121
883 154
229 52
67 425
841 690
533 76
972 668
152 425
650 488
337 915
211 902
837 582
94 797
696 253
191 89
428 637
87 152
458 712
351 263
560 324
739 991
456 684
581 596
995 304
195 696
938 80
61 799
726 19
160 48
790 828
293 508
484 617
912 714
87 732
630 799
809 854
257 692
312 585
486 705
948 478
201 887
773 725
740 536
463 211
66 635
786 352
182 633
574 387
960 19
710 195
866 837
315 201
135 994
177 168
16 106
257 245
407 526
999 112
197 182
953 680
764 43
746 913
225 133
415 144
681 522
113 900
263 92
157 505
585 486
213 934
272 561
349 573
30 136
968 73
812 660
205 94
447 481
233 941
380 964
841 686
20 21
569 86
533 909
64 849
11 378
930 140
764 570
128 446
113 848
461 278
483 290
342 507
53 124
751 917
798 830
639 916
160 894
233 600
372 949
543 526
70 544
172 685
809 656
138 572
123 470
105 679
126 795
146 99
403 688
445 206
731 678
216 82
238 743
407 110
815 93
1000 946
785 90
623 752
153 976
409 382
140 250
657 32
406 550
643 213
240 854
905 625
795 446
779 533
192 233
653 52
359 87
274 899
981 419
650 778
23 796
945 382
430 774
676 356
148 563
555 660
766 353
222 485
128 943
756 191
757 354
794 412
758 965
63 561
581 52
563 729
840 370
513 316
806 923
650 767
7 46
340 981
348 296
591 156
99 882
150 594
82 380
300 459
422 626
82 271
780 588
324 336
82 864
111 104
792 2
579 474
925 250
121 828
855 121
751 56
647 269
584 307
693 255
823 588
203 847
111 334
186 627
860 206
264 985
432 671
640 404
91 946
403 494
425 362
647 563
681 965
754 161
243 668
914 49
381 822
365 337
596 563
801 481
434 202
18 909
420 777
978 783
260 850
613 588
706 318
869 978
619 515
503 628
967 453
827 734
627 800
114 949
960 445
784 458
49 626
840 835
412 548
808 225
466 349
502 210
605 462
844 630
61 380
444 356
690 76
936 212
934 579
463 425
637 590
874 256
987 547
808 692
614 326
11 873
177 65
729 684
576 265
281 163
784 198
949 532
509 29
721 886
738 533
15 307
897 106
770 280
348 268
149 205
775 9
564 748
57 358
755 123
422 670
519 4
632 238
929 298
91 67
630 916
346 67
894 765
933 755
536 99
830 325
354 514
86 949
271 109
637 776
294 134
646 171
468 637
656 859
254 621
475 639
39 342
134 622
817 808
857 331
985 446
683 195
473 281
869 532
230 866
981 938
912 751
108 330
623 485
972 227
649 609
209 713
526 190
894 459
696 165
329 412
93 427
113 309
574 138
653 777
213 882
216 212
628 855
455 725
994 9
29 825
84 1
796 934
249 55
321 578
585 909
54 600
516 293
477 95
336 861
304 443
88 482
568 556
366 713
949 83
225 159
250 570
605 244
457 892
899 341
974 827
810 824
461 860
558 58
779 315
317 728
747 143
370 406
421 560
462 126
409 882
48 158
654 888
750 909
129 115
647 145
262 177
870 474
660 364
239 249
996 388
464 253
742 224
928 684
655 555
99 359
936 667
280 159
959 353
693 94
584 109
893 474
385 548
993 719
775 275
158 561
967 555
953 41
898 890
646 4
117 852
116 697
815 663
228 467
752 733
31 822
40 745
207 839
8 263
450 996
199 227
146 493
455 117
631 258
481 538
937 495
66 180
639 721
985 410
986 837
143 296
200 850
556 567
174 598
667 908
22 538
616 361
815 203
853 4
819 140
539 262
458 28
294 878
978 983
961 163
32 857
438 613
810 472
518 921
353 147
62 613
943 228
377 21
840 667
838 506
732 665
895 255
587 134
861 827
164 221
727 531
210 655
901 242
950 907
571 394
537 526
149 720
758 220
324 6
615 132
951 351
339 175
233 336
822 680
456 497
663 312
131 731
760 159
443 221
67 729
283 948
768 703
529 956
128 883
945 908
623 499
345 840
935 553
408 18
854 987
270 696
368 822
257 307
422 599
538 676
208 335
975 649
465 176
788 351
54 130
404 437
635 601
67 21
252 15
569 315
641 198
873 877
30 314
750 485
952 284
806 395
632 516
686 801
159 867
939 135
835 310
599 177
17 683
476 840
124 269
86 948
670 388
284 71
985 502
873 769
921 926
696 238
473 827
551 272
610 844
243 929
122 18
325 927
633 646
960 338
62 438
321 744
145 442
184 544
442 524
813 523
226 167
887 702
567 685
192 975
340 419
783 611
770 862
640 898
620 170
35 356
382 141
959 322
679 611
434 762
989 108
992 816
597 615
945 206
874 188
68 267
70 425
642 38
771 854
276 344
956 458
560 995
559 671
710 857
127 697
681 613
168 560
444 645
381 62
897 190
534 309
646 787
371 873
95 345
968 245
641 177
717 486
936 392
1000 166
603 451
967 610
109 374
518 104
167 26
868 997
25 517
30 278
897 457
203 846
845 403
105 608
670 103
243 750
817 771
434 489
933 897
660 719
844 92
433 679
86 251
291 705
238 934
207 605
78 847
818 722
291 812
360 592
218 594
626 375
25 739
153 657
833 55
31 656
639 463
587 96
914 208
548 684
921 660
114 946
939 687
374 448
508 946
165 939
944 994
50 29
801 691
474 881
955 674
776 495
429 198
122 379
879 899
719 234
391 191
361 338
571 291
241 900
349 465
645 772
434 625
845 529
93 812
422 802
719 8
23 513
392 785
374 831
626 640
756 3
979 804
194 564
266 153
690 902
418 76
774 305
850 971
524 264
525 545
674 381
766 207
452 931
686 892
509 894
148 20
974 408
73 466
416 821
731 229
345 418
971 690
110 226
722 288
741 4
255 880
661 323
848 470
171 187
617 159
468 527
30 370
769 738
368 683
777 175
794 855
428 697
947 603
363 608
643 690
42 55
449 95
716 59
826 727
666 864
556 588
173 880
563 408
731 734
423 724
65 24
730 282
269 174
648 9
333 807
52 689
240 945
956 991
739 473
936 330
170 580
465 860
155 184
31 517
640 812
88 849
330 142
538 491
144 198
291 825
623 920
741 817
811 362
871 434
697 313
375 553
567 917
76 912
457 146
352 424
650 963
712 664
196 265
714 458
764 720
690 719
101 436
407 597
157 610
140 880
569 866
913 560
219 809
334 10
928 975
767 976
920 275
254 253
495 253
85 881
603 764
56 617
627 242
111 973
239 248
705 600
120 368
802 202
694 68
328 861
176 273
769 300
911 319
792 123
441 915
538 611
759 535
302 972
666 862
381 441
493 159
721 68
336 230
907 747
322 9
397 601
553 899
290 747
702 316
564 261
433 781
36 313
518 338
886 952
190 995
708 612
912 701
972 177
131 467
575 276
887 6
696 211
882 642
117 663
526 155
231 435
982 361
485 911
930 780
571 830
109 787
862 211
311 635
57 648
214 446
360 729
925 519
766 911
16 319
572 348
934 863
38 352
131 30
161 811
226 371
395 994
519 997
25 289
278 61
500 197
288 769
71 526
737 982
94 869
780 102
65 292
220 123
385 42
732 369
222 537
774 145
62 934
638 129
568 807
537 497
349 650
722 242
776 788
895 930
873 272
763 900
140 747
698 205
515 497
384 157
628 14
561 400
390 103
319 327
945 796
140 634
426 268
681 810
628 965
578 918
315 740
100 374
470 832
931 302
122 671
21 314
45 452
272 864
648 679
96 612
122 748
104 47
298 536
897 492
682 906
845 494
668 425
405 701
673 69
30 330
52 134
56 65
455 203
259 612
274 606
269 387
215 587
810 121
186 959
588 429
687 733
501 426
831 954
621 425
125 698
405 622
976 272
445 51
598 123
356 626
398 891
863 13
904 988
152 865
784 626
360 644
783 332
330 996
493 600
832 366
944 872
518 37
804 466
226 164
135 546
123 532
804 339
910 686
573 138
477 21
26 255
839 971
165 744
477 134
595 287
139 261
231 923
658 539
755 619
614 344
262 461
374 929
842 351
380 284
611 662
885 347
599 605
67 692
448 594
822 292
662 157
978 30
45 245
769 217
145 807
148 130
149 183
906 978
319 379
506 862
140 542
676 696
91 456
879 403
148 113
205 64
137 736
444 996
105 180
237 943
842 787
536 410
817 471
926 179
711 715
703 135
661 302
518 105
772 346
211 817
308 157
860 578
110 33
203 833
506 274
712 473
359 973
436 249
221 893
935 225
848 9
565 162
540 759
483 62
434 486
218 305
259 721
605 776
237 497
143 355
806 225
592 157
909 949
960 657
687 870
230 983
665 206
71 253
649 827
193 151
895 848
381 892
737 594
978 924
82 72
520 258
352 687
713 957
745 840
453 111
625 406
18 572
58 625
884 645
278 10
170 899
524 886
524 860
896 757
112 446
535 86
953 587
325 438
73 37
310 266
594 897
426 799
372 119
649 819
376 114
709 80
362 77
789 328
556 453
663 355
408 173
988 56
577 381
152 178
784 343
452 237
161 611
979 660
784 486
596 612
860 145
453 709
681 866
55 465
617 124
807 267
294 474
167 936
538 829
261 163
323 374
470 251
950 305
721 95
946 892
449 316
935 52
997 476
467 577
782 264
751 685
259 717
501 354
657 930
35 786
381 984
476 672
459 946
668 38
619 592
670 620
710 425
661 935
229 856
883 999
311 534
682 390
761 391
445 492
46 602
781 338
378 945
148 945
688 906
800 308
256 941
785 32
771 469
349 225
187 266
630 18
376 321
408 836
514 401
917 596
554 638
991 711
481 154
154 96
27 786
619 156
481 929
634 307
173 213
672 604
179 636
2 991
380 622
491 591
384 259
646 958
371 149
987 303
915 698
756 96
67 285
86 555
518 206
451 650
646 915
684 404
116 886
834 553
870 427
950 499
185 187
681 862
647 433
209 77
671 319
622 427
569 285
38 616
9 309
369 664
375 863
954 720
26 915
940 483
101 885
137 26
265 45
138 855
967 843
750 41
194 511
787 142
458 312
22 681
406 712
377 328
29 431
783 250
645 229
505 236
394 975
861 535
827 683
717 723
131 240
539 287
904 944
481 825
113 416
424 21
26 361
249 96
156 756
362 449
142 387
878 905
865 318
683 749
983 605
143 799
460 989
293 767
779 635
395 882
16 124
126 152
81 521
736 427
949 680
82 530
371 519
888 470
906 733
197 836
20 835
58 506
615 178
727 468
379 586
456 408
166 544
719 880
850 1
7 84
104 739
447 413
825 709
735 632
419 436
681 809
133 654
669 460
907 475
341 619
732 364
471 504
555 493
376 614
509 662
612 377
884 454
578 697
930 250
234 671
787 351
592 773
902 892
639 913
18 371
573 425
39 395
708 970
982 57
222 354
829 714
406 613
192 689
821 870
345 85
308 335
494 630
49 873
378 23
344 411
808 490
381 896
790 590
227 14
407 250
808 377
517 287
89 884
652 570
130 268
222 190
648 337
631 774
876 175
489 783
870 981
526 257
430 154
527 616
432 313
862 377
884 721
41 921
266 574
966 459
127 837
146 799
407 559
842 348
187 129
267 41
773 189
417 388
167 759
236 978
275 546
650 762
73 763
318 727
410 642
897 746
381 173
589 328
94 958
993 555
449 565
836 423
216 999
475 985
919 936
389 409
112 807
472 577
570 134
73 934
360 150
33 16
57 154
330 953
229 956
402 54
989 914
593 457
21 928
227 215
48 962
510 619
731 327
193 116
925 315
765 572
434 374
523 846
787 198
282 898
355 200
599 437
285 525
786 114
770 623
19 417
517 482
424 463
832 476
539 199
947 170
72 720
678 270
675 532
70 94
110 987
355 432
794 170
575 995
779 562
447 896
840 548
748 469
89 624
300 870
908 101
858 904
340 679
676 25
126 208
924 362
636 291
130 165
967 361
630 200
86 180
282 280
14 851
54 780
400 675
699 473
991 785
542 625
428 81
581 21
660 484
132 861
404 154
817 135
211 916
626 529
957 867
390 44
817 272
949 819
368 880
419 588
177 514
196 539
204 349
778 28
800 572
251 794
858 238
109 344
328 513
773 263
599 21
216 546
233 644
566 326
977 773
959 189
518 118
74 531
751 831
147 933
282 708
856 737
319 675
820 68
169 846
132 70
65 109
302 626
341 456
783 225
394 156
256 564
632 907
84 302
857 106
469 372
165 107
371 612
350 41
5 754
891 449
704 68
415 727
257 733
121 231
316 120
245 142
709 767
378 801
639 987
342 716
532 884
240 770
913 891
823 408
145 273
314 760
634 449
728 902
505 275
839 914
509 363
156 439
396 373
624 326
594 866
408 283
988 110
296 560
443 291
372 251
924 773
275 602
354 993
685 91
615 286
306 680
862 909
944 42
486 417
414 130
56 986
823 866
521 560
423 80
268 169
561 823
927 960
931 389
309 25
743 931
100 434
726 474
198 867
253 782
916 422
520 532
393 103
252 452
532 246
591 661
851 824
194 77
895 727
293 279
901 104
425 167
731 655
968 715
695 872
388 39
566 18
411 101
543 820
416 797
911 942
843 934
994 663
778 967
212 383
235 822
919 378
5 726
451 878
389 853
877 268
576 793
313 869
442 158
490 283
71 490
37 342
165 865
956 108
37 750
763 602
411 417
924 43
550 144
391 368
672 522
823 365
588 318
849 754
520 942
118 557
31 174
399 650
241 834
459 913
558 85
266 893
585 25
851 828
206 51
188 522
409 851
12 472
215 291
343 494
775 61
172 22
615 258
57 306
241 573
901 615
24 37
685 976
286 232
997 974
964 153
432 826
23 330
727 170
565 827
530 939
401 606
459 416
668 564
617 196
609 952
985 729
158 413
342 110
750 91
327 510
902 780
854 501
549 585
860 670
807 897
739 855
248 794
498 399
328 1000
969 990
91 584
649 140
735 87
248 649
284 241
222 413
114 570
801 586
126 761
517 286
284 306
870 744
463 770
993 275
4 502
889 482
736 709
378 857
311 383
421 380
297 405
795 434
946 58
819 312
73 190
201 113
540 486
615 866
139 263
103 78
340 652
145 618
225 196
723 69
986 350
448 549
204 282
534 127
2 900
646 613
727 522
545 629
733 953
910 913
572 789
811 567
123 609
775 912
870 22
604 102
676 811
186 59
759 778
963 257
600 709
667 35
987 52
916 120
189 714
560 34
462 710
636 277
492 541
967 607
813 931
794 975
464 486
851 658
122 526
194 147
548 584
642 651
493 101
789 712
189 428
906 276
29 127
618 538
697 105
43 811
104 299
877 691
30 567
752 631
270 355
863 333
163 359
578 47
687 755
156 121
503 338
199 53
333 943
463 960
619 630
105 784
89 443
145 121
915 365
610 879
114 606
178 195
714 785
199 859
972 473
577 15
464 832
35 551
677 124
74 3
754 609
774 974
187 736
873 788
546 937
50 24
912 323
240 886
849 792
206 431
931 846
35 261
842 159
291 239
791 202
850 386
248 208
747 22
984 708
126 209
195 263
59 8
673 357
154 812
875 874
659 969
608 815
58 448
385 16
174 410
997 711
380 699
583 539
806 955
555 761
183 216
756 14
228 999
656 872
102 904
341 704
343 406
953 454
480 752
712 667
642 986
383 774
426 337
725 795
889 645
20 201
313 65
225 797
391 546
195 421
103 788
643 921
20 184
259 896
225 910
155 595
801 69
655 870
470 104
290 706
904 346
206 598
669 70
393 307
160 186
512 143
622 94
843 863
316 893
422 94
5 78
562 829
217 40
270 34
74 611
91 515
644 299
277 974
959 914
283 213
319 563
985 51
71 82
147 642
331 225
539 388
478 80
152 812
445 121
840 901
476 593
830 788
826 180
329 592
675 981
982 691
624 955
291 988
499 103
494 777
299 877
469 206
268 500
434 972
669 574
204 784
353 228
260 592
409 314
657 492
897 541
92 647
847 273
373 154
49 380
378 512
487 422
415 389
162 355
193 33
573 289
853 529
103 150
85 115
13 362
202 677
171 574
707 640
690 334
267 483
89 877
805 623
348 206
497 652
315 511
337 347
798 504
121 444
112 777
612 914
719 926
634 898
125 13
310 161
861 164
439 967
914 92
454 82
110 274
256 237
833 741
855 549
814 608
836 504
20 237
369 261
721 40
152 477
669 264
893 362
147 226
186 580
61 568
81 282
851 842
513 233
556 781
649 437
9 86
375 9
657 610
587 737
329 753
950 573
450 540
194 509
895 679
821 768
442 755
844 103
787 99
351 177
290 95
763 17
800 5
378 241
160 420
86 615
740 295
982 364
252 905
991 502
957 34
355 400
37 55
922 826
676 493
326 162
292 22
447 842
709 355
361 525
676 380
236 699
516 261
64 460
282 447
429 60
837 207
253 920
589 798
936 144
102 231
430 862
515 212
310 496
438 165
901 819
885 324
723 25
374 971
893 857
361 440
220 485
643 546
352 149
747 508
766 40
454 416
91 368
775 213
457 638
223 855
59 798
922 400
542 985
979 737
340 813
803 399
4 194
25 787
337 97
500 555
712 115
472 760
309 459
76 458
689 357
994 784
367 790
632 409
890 645
122 747
808 148
220 984
494 171
831 40
707 470
630 754
725 678
212 591
319 661
450 964
255 619
826 539
22 728
703 243
778 646
982 430
735 162
223 94
43 748
69 612
655 493
400 479
536 539
577 177
579 607
911 705
213 837
450 537
805 385
22 917
478 187
151 243
227 377
87 989
265 997
503 653
420 71
919 127
637 820
302 103
602 937
753 515
206 451
98 728
465 699
796 537
11 755
283 630
433 37
896 667
201 193
845 664
595 401
614 351
854 400
858 805
452 982
624 399
150 416
167 637
489 111
788 767
515 321
211 233
295 409
889 910
858 583
626 747
499 314
817 234
394 13
698 95
94 956
299 248
742 172
836 417
195 59
930 58
328 664
6 1
155 985
872 341
621 582
733 600
111 228
207 997
479 768
636 389
786 940
364 576
756 542
80 23
464 374
601 603
971 377
906 484
48 964
657 554
824 101
455 57
312 953
497 323
317 440
545 157
484 607
744 900
506 499
556 487
921 894
403 723
667 366
672 24
446 663
342 964
329 491
153 12
666 554
175 760
687 976
943 442
636 952
892 530
815 588
398 965
592 446
985 732
355 424
339 815
410 14
532 961
790 293
25 365
44 575
170 910
102 333
323 624
963 620
631 105
272 178
715 742
79 87
887 3
340 673
73 42
240 597
940 656
158 749
966 324
913 584
720 810
538 87
499 113
335 799
837 441
785 534
471 239
108 426
6 816
686 310
764 530
163 791
681 982
668 808
704 529
430 595
262 89
817 278
376 962
30 197
175 932
356 584
627 139
755 126
383 769
778 139
660 171
38 579
39 158
846 218
224 613
336 111
299 117
392 337
925 217
882 730
846 837
960 820
502 655
786 912
40 754
147 54
775 456
513 761
588 155
611 15
494 466
556 697
211 296
616 84
854 50
830 59
375 330
70 764
821 860
236 140
381 981
477 662
259 351
598 166
545 810
621 255
770 625
259 478
175 192
588 863
829 67
832 169
923 2
501 50
925 976
527 908
490 293
363 49
631 874
442 448
278 186
705 334
210 676
607 355
560 754
957 336
689 978
230 306
340 342
970 973
384 504
737 974
420 494
719 202
277 355
770 36
434 529
770 471
699 487
292 428
275 364
139 44
323 795
836 466
660 506
435 905
580 177
546 481
977 152
347 62
901 513
133 663
885 562
732 661
417 860
106 944
924 725
918 763
842 854
848 295
756 688
765 446
399 10
254 282
704 906
835 176
267 652
930 324
189 467
639 847
70 574
256 554
39 369
721 346
479 126
541 239
372 974
817 847
711 323
381 776
203 104
479 399
835 639
907 858
490 980
967 106
554 29
647 788
652 642
835 524
433 636
986 608
260 766
335 381
355 814
624 984
737 671
575 583
616 524
435 440
662 988
245 17
338 341
174 23
912 140
70 164
571 385
314 666
956 221
978 645
279 360
102 277
504 4
492 493
268 255
770 153
898 104
616 953
390 755
547 377
106 235
821 112
418 831
537 307
97 484
353 850
418 719
289 714
936 975
774 467
900 810
178 281
428 27
943 660
31 462
967 897
879 266
614 109
870 507
855 269
358 303
585 377
417 223
404 451
43 261
461 46
452 439
769 403
630 934
208 211
137 345
817 431
30 428
994 821
526 652
393 48
102 514
929 70
12 798
901 424
833 482
997 319
413 350
473 499
812 591
916 299
475 307
773 238
186 968
703 109
852 681
928 137
892 186
855 806
899 763
807 899
847 886
351 7
319 741
13 954
730 188
757 613
441 623
373 876
386 671
27 147
682 349
903 887
339 786
106 523
692 790
288 468
74 493
130 267
296 63
633 890
634 37
67 892
502 349
286 670
359 508
504 177
909 132
14 600
844 991
22 103
300 893
338 200
624 305
751 764
936 141
870 810
71 895
280 864
497 587
831 570
374 839
197 950
91 351
30 574
337 51
926 405
837 742
451 55
170 298
172 139
690 968
767 714
265 136
711 999
207 484
39 74
486 478
835 251
637 187
510 190
710 605
612 495
455 326
906 274
449 453
821 165
470 445
164 888
592 115
76 92
132 222
703 129
227 216
729 906
69 805
948 88
688 797
753 128
865 846
312 954
612 205
61 833
621 795
991 43
979 449
809 980
125 204
273 66
703 500
340 238
52 730
914 205
348 561
245 183
778 876
875 288
822 809
568 312
278 159
411 144
361 571
951 764
274 590
701 981
614 542
390 596
482 941
187 658
225 117
370 206
944 709
871 26
858 919
624 349
953 889
609 239
681 682
503 741
244 6
864 798
250 659
694 416
513 89
154 767
976 709
187 174
539 156
944 291
379 646
966 724
115 128
978 254
621 886
33 757
711 146
78 167
406 39
913 451
845 255
647 73
480 609
834 624
814 586
584 119
363 936
343 246
971 681
972 710
789 776
350 694
986 663
336 96
856 120
447 180
474 242
39 110
834 786
378 406
640 455
538 476
596 776
890 557
473 43
659 13
699 725
814 129
123 39
394 757
877 114
968 722
952 55
165 310
683 825
728 478
229 703
753 61
14 468
397 500
880 440
681 185
809 908
152 559
246 77
670 739
268 359
880 23
403 972
923 5
389 737
726 714
287 426
70 46
396 556
383 61
918 280
387 448
157 938
908 806
984 388
880 245
273 473
23 237
634 460
323 623
343 624
309 896
491 805
500 29
442 146
338 35
338 178
846 379
314 72
245 136
63 631
634 529
928 964
818 488
361 83
859 764
110 566
914 919
2 765
730 70
72 794
517 687
510 479
871 59
722 223
906 918
343 37
775 248
464 281
821 330
987 126
65 514
788 244
366 472
868 954
25 704
74 931
926 578
227 131
925 478
344 357
221 929
845 295
486 213
632 716
484 641
602 492
472 201
878 337
706 94
857 218
553 305
91 670
575 352
373 824
190 710
303 45
554 173
627 881
523 922
107 245
144 889
701 59
65 281
965 870
515 939
992 972
692 593
641 961
739 714
681 448
151 316
615 891
304 349
16 97
73 16
699 292
511 450
349 665
461 745
62 984
656 17
625 700
849 512
173 70
603 561
840 349
548 150
966 653
141 697
457 636
738 727
447 409
361 216
309 344
132 679
243 220
603 957
686 478
698 218
596 622
660 253
702 528
820 393
732 287
493 237
376 729
906 383
708 935
912 783
608 46
568 225
640 318
171 269
264 2
800 948
345 89
237 411
904 114
812 939
175 647
807 736
320 152
766 861
69 499
786 413
631 877
689 686
190 589
417 995
909 392
109 899
416 646
93 458
338 423
657 25
487 10
14 686
399 932
365 682
421 744
279 286
66 713
748 493
469 764
606 983
292 155
495 636
529 880
32 712
162 635
438 788
476 95
258 390
25 433
569 812
306 442
76 804
292 889
807 370
519 746
850 191
755 5
353 750
194 554
341 961
595 862
584 205
675 150
295 249
816 32
51 877
234 477
152 488
688 234
820 991
986 451
34 980
623 10
604 806
772 602
755 130
574 714
207 999
440 792
707 39
926 199
54 386
238 223
43 927
962 235
503 9
30 683
337 794
786 829
497 230
647 552
320 599
476 810
141 192
660 580
365 330
38 112
939 391
722 781
961 67
622 786
455 345
222 124
830 895
711 40
416 695
22 77
155 210
749 262
352 676
494 995
719 607
225 27
957 330
482 938
582 57
395 801
782 655
268 883
160 876
166 720
280 607
926 570
230 487
158 576
870 215
250 656
974 849
187 161
88 478
140 729
287 922
280 552
625 981
183 213
224 938
584 154
788 268
951 208
348 267
918 923
758 730
12 959
211 517
931 284
96 451
205 31
119 505
414 821
167 935
890 840
428 401
450 249
217 738
562 250
60 888
422 371
302 731
315 769
869 426
602 247
847 715
485 175
420 656
497 3
5 58
595 694
959 185
895 760
838 954
512 130
273 882
521 212
78 659
796 330
319 678
568 153
930 512
15 230
477 611
460 375
902 602
796 505
583 803
288 192
397 354
627 999
187 946
926 657
227 469
909 263
434 233
801 326
776 196
709 618
122 84
196 947
360 705
70 924
877 292
623 704
536 708
355 454
250 240
206 198
684 815
166 530
630 23
10 778
338 367
728 27
694 374
895 81
878 865
58 542
3 558
426 986
378 163
581 322
598 608
141 289
547 134
130 18
81 544
723 145
905 892
340 711
474 625
956 281
975 495
174 330
267 484
968 375
705 965
219 815
236 903
853 880
34 344
732 103
73 294
607 801
519 340
64 943
196 164
825 684
312 473
76 594
665 475
974 79
779 111
673 992
2 714
626 896
929 207
967 659
517 576
440 492
6 463
307 636
163 736
475 690
647 338
321 296
397 595
403 446
540 645
228 425
248 519
527 441
621 302
179 295
5 431
759 416
835 464
844 98
369 838
995 22
247 893
661 916
556 180
476 641
633 514
134 879
948 311
584 16
127 360
879 226
154 316
726 868
909 444
571 677
645 386
353 148
773 661
279 132
619 849
601 974
308 602
179 784
752 126
459 512
634 126
671 535
891 517
948 708
309 882
455 980
495 603
331 714
741 863
114 985
33 880
322 907
272 252
476 116
143 923
558 238
373 492
780 28
694 510
948 794
645 384
629 219
686 146
90 613
469 938
552 338
310 102
442 38
172 387
210 202
786 743
774 352
405 771
885 668
292 651
354 880
998 285
483 500
439 383
913 968
973 81
370 230
133 794
595 931
176 307
81 490
869 401
945 577
930 247
345 269
860 628
321 308
548 777
468 700
565 74
342 221
629 497
75 498
601 711
556 643
958 59
246 377
170 246
726 55
977 611
264 146
69 609
164 395
401 47
644 125
761 465
905 367
151 680
654 50
992 651
848 623
248 619
88 20
487 180
142 497
218 667
791 988
499 602
80 648
726 755
489 243
330 192
60 57
153 841
705 308
581 393
434 866
456 310
74 205
130 43
956 227
723 216
45 956
192 272
260 283
72 998
35 250
326 943
755 555
462 159
373 448
968 288
490 172
978 393
763 969
604 499
881 850
241 755
444 668
618 51
637 373
802 810
480 744
633 406
427 947
428 136
727 356
570 417
220 185
668 886
635 653
656 841
55 728
918 734
980 973
741 489
640 78
981 715
590 369
441 830
6 294
433 842
204 107
631 268
427 396
247 7
229 520
409 961
549 617
507 186
659 41
753 134
463 306
683 223
463 607
782 161
978 884
152 980
874 805
557 988
482 214
818 860
639 500
341 273
70 945
491 396
292 331
40 228
645 329
4 327
79 653
597 368
100 744
642 627
877 464
914 346
59 433
443 862
541 537
908 828
396 104
128 758
145 296
831 900
15 636
482 939
415 429
733 418
736 394
229 337
496 595
867 548
481 225
62 774
413 668
349 298
188 1000
729 228
620 939
405 89
305 285
73 265
432 210
721 661
266 128
30 185
200 132
484 324
901 554
284 572
214 421
915 898
879 445
457 644
461 244
245 813
121 887
858 376
200 354
402 738
919 971
441 120
417 203
637 236
470 253
381 430
657 815
648 613
117 888
700 750
281 656
820 803
414 980
731 602
39 505
868 23
190 127
892 141
215 664
256 577
699 727
888 224
170 823
541 506
484 751
178 558
622 973
949 355
806 180
735 342
293 463
520 285
853 866
445 4
211 629
36 633
229 701
179 488
217 93
381 978
701 307
574 35
188 362
852 961
262 64
113 506
434 86
342 999
386 837
204 535
506 244
89 260
285 481
826 931
890 940
631 852
706 369
438 300
469 593
515 945
404 656
148 342
633 816
134 499
581 432
344 997
974 609
710 111
948 656
163 504
440 851
566 418
847 386
262 508
193 689
140 920
755 739
645 865
337 462
335 847
340 567
788 707
496 349
974 178
210 231
429 263
488 989
875 731
345 884
162 386
707 930
279 773
104 653
233 47
348 488
242 807
918 932
176 185
30 36
720 454
303 786
686 563
360 53
877 528
270 454
642 557
176 624
755 204
77 968
116 530
651 825
835 36
671 458
266 324
859 186
327 640
517 976
151 694
557 463
480 877
990 595
129 672
422 495
952 347
427 327
838 935
70 573
311 829
185 377
80 353
82 787
556 559
523 702
339 541
123 434
184 302
316 436
189 35
616 337
869 442
636 908
431 218
871 394
791 842
558 563
151 702
927 372
22 892
4 287
904 773
744 580
400 36
539 51
979 312
377 142
288 681
92 359
775 628
633 957
248 157
572 40
187 10
206 282
62 990
232 753
73 487
664 697
148 407
149 954
956 318
465 381
97 362
82 510
998 48
727 466
68 61
430 572
27 794
72 56
201 404
475 213
202 935
793 248
354 926
137 636
341 644
654 975
183 397
958 621
742 132
154 693
833 407
86 64
318 287
33 413
566 225
362 579
471 359
605 198
449 333
329 951
898 854
243 621
885 934
30 333
934 295
20 483
994 530
647 710
694 615
199 191
471 570
330 698
597 344
621 418
17 316
752 614
290 1000
899 938
60 512
446 328
619 641
605 686
311 551
493 704
506 447
189 71
635 507
395 712
325 903
57 685
369 579
579 720
140 284
69 386
621 738
911 561
18 832
776 832
520 130
499 605
341 351
83 282
391 429
361 604
503 649
714 216
128 747
734 31
739 359
633 1000
102 421
128 666
736 495
331 745
62 875
709 468
605 131
951 443
419 26
387 568
82 192
338 86
289 634
426 693
499 409
750 994
862 556
137 527
393 661
747 476
231 711
751 508
842 568
92 143
426 471
888 214
711 930
713 301
422 619
684 90
885 759
134 63
542 840
873 23
696 632
626 969
833 673
67 249
730 859
33 441
159 553
808 993
973 197
157 407
601 558
998 536
727 58
358 955
786 936
303 419
214 90
406 936
298 225
83 781
802 720
265 504
484 756
824 105
164 714
316 925
730 474
835 427
708 699
717 725
105 650
899 902
203 53
259 453
796 6
959 970
353 290
692 215
655 461
91 728
972 327
406 357
538 486
359 319
485 960
537 771
390 809
887 741
752 40
787 539
992 519
424 211
559 7
94 38
785 206
568 682
849 787
706 584
715 666
519 554
887 952
709 456
272 197
456 418
310 269
58 346
586 312
568 887
495 880
353 671
615 99
323 803
822 283
880 648
166 457
901 920
387 818
889 942
854 936
741 485
662 291
244 342
447 467
820 671
395 380
369 280
346 226
817 477
935 463
684 205
116 575
669 291
411 595
677 845
262 891
683 337
976 229
632 469
389 8
230 76
998 516
360 248
346 951
114 456
76 236
540 675
941 988
8 483
873 867
501 506
742 648
194 402
711 347
34 587
368 385
921 941
612 236
227 70
429 766
624 722
566 533
795 821
208 617
375 216
504 560
191 624
127 374
910 765
292 121
689 667
283 502
507 532
648 519
311 412
611 138
973 783
724 363
448 166
784 704
865 299
689 581
11 593
784 863
72 577
179 935
862 424
19 782
495 577
957 364
26 62
541 877
598 614
78 569
609 159
116 441
402 905
82 249
780 122
488 544
698 991
510 145
511 440
999 471
36 102
315 498
49 162
239 147
186 13
171 723
963 335
481 955
585 321
345 740
306 674
54 12
461 6
962 621
945 889
200 304
309 498
721 914
977 40
199 250
995 324
773 468
7 924
927 607
142 701
74 863
962 190
838 789
929 47
858 127
313 322
332 106
482 347
119 146
359 899
74 561
646 287
722 689
905 151
778 751
359 528
506 452
865 651
493 911
818 515
70 732
53 546
554 25
4 250
376 168
248 738
14 439
531 267
293 196
997 150
943 126
982 720
757 848
792 844
80 686
22 382
467 158
838 499
269 940
53 885
37 336
993 378
593 864
886 495
300 518
191 987
838 2
126 304
179 809
448 928
106 836
932 82
771 212
554 748
344 400
563 854
638 318
4 290
309 530
515 219
519 643
356 579
923 558
358 449
710 874
362 908
474 706
440 590
96 48
903 241
466 862
569 1000
286 141
824 820
860 50
516 838
42 913
831 403
615 312
963 299
67 510
533 5
501 973
374 6
405 995
467 962
677 147
713 530
661 274
630 981
98 892
333 321
47 695
780 640
33 13
640 971
717 219
775 511
686 814
998 716
485 535
795 203
366 362
773 234
151 586
243 541
542 297
827 506
108 741
135 508
169 895
479 94
544 349
692 77
910 444
531 73
443 719
213 850
373 954
263 990
570 656
647 884
743 739
411 244
361 801
674 690
967 475
171 341
387 127
785 80
182 672
131 98
249 5
741 390
611 851
494 949
410 166
766 653
658 896
278 977
28 648
16 64
839 592
809 389
577 609
325 363
386 978
258 308
466 179
106 90
440 618
517 629
719 940
166 996
957 999
287 816
513 952
453 600
419 456
519 893
613 506
813 232
390 59
102 881
272 778
181 334
988 882
226 334
517 592
99 973
150 731
877 764
341 590
147 323
722 309
