824 2567
767 776
27 702
308 291
735 132
708 442
466 646
469 651
539 739
207 460
797 764
191 232
302 304
158 46
765 798
822 748
608 237
310 304
367 124
42 88
656 563
822 810
737 706
102 435
580 776
512 557
433 353
606 491
718 666
607 728
740 277
426 128
474 578
285 518
73 91
127 551
719 244
631 520
748 159
303 541
184 598
701 698
761 348
725 249
449 67
732 784
549 486
491 610
735 357
809 182
741 25
706 726
600 386
709 224
51 749
34 312
197 796
788 657
113 377
654 473
514 722
308 107
474 159
735 27
186 478
21 586
61 56
522 570
616 401
411 228
797 538
434 663
770 93
298 647
8 502
411 326
639 332
768 107
324 780
716 62
493 296
481 29
524 662
562 289
670 640
54 589
308 312
58 512
386 11
799 429
161 487
401 432
259 485
557 182
425 269
712 33
413 611
20 96
153 78
523 526
430 489
286 274
144 178
136 598
284 791
29 528
258 642
626 723
406 193
173 767
138 703
364 110
222 84
280 688
794 739
642 98
240 632
701 26
762 24
762 469
802 636
490 240
769 464
646 565
813 593
620 554
260 348
478 431
462 485
196 815
217 793
532 541
511 603
775 682
692 761
636 615
250 569
271 237
202 235
422 75
80 382
210 526
135 152
750 801
116 795
3 570
23 120
172 213
214 151
325 549
289 204
154 632
18 79
534 401
800 688
410 587
431 201
802 755
791 63
5 41
635 443
232 364
713 822
458 786
534 498
61 205
743 124
305 795
514 497
641 255
786 55
684 187
575 489
741 38
219 746
557 468
464 429
428 520
51 50
1 460
192 551
530 499
771 442
666 121
208 236
81 114
611 632
484 73
253 702
511 250
520 670
543 820
675 551
731 572
736 567
464 171
633 638
208 10
647 794
263 251
782 466
582 479
750 525
325 499
388 12
133 667
315 744
599 167
88 767
604 357
363 583
381 658
84 733
175 331
508 417
589 584
679 348
39 776
99 46
635 573
233 142
707 763
523 769
764 577
5 648
203 156
750 73
681 364
537 247
638 308
509 224
775 799
49 688
159 10
74 648
65 528
302 129
85 8
123 333
620 517
562 399
625 3
127 535
149 145
780 392
11 144
529 723
221 713
601 91
402 631
235 622
171 528
315 599
192 96
589 133
534 526
487 812
220 372
686 256
430 578
589 459
473 746
187 404
619 105
179 568
610 364
498 479
221 658
137 755
624 518
626 478
642 83
454 72
349 361
122 488
506 549
385 575
24 202
246 547
742 234
48 773
503 511
142 670
680 534
584 476
756 75
723 664
251 511
364 745
475 512
204 66
794 731
227 163
318 693
56 789
90 30
397 144
255 529
420 247
243 342
748 410
355 71
29 612
319 85
602 460
120 557
516 361
739 534
368 308
228 17
618 665
32 582
418 44
472 413
349 516
740 705
260 702
707 453
446 173
195 162
188 76
508 766
768 335
54 251
112 94
242 260
243 174
127 447
82 199
762 421
90 775
453 316
751 645
663 345
79 150
707 601
562 259
526 752
504 508
380 663
487 717
40 41
222 650
273 756
374 732
47 580
214 223
640 482
509 443
421 42
424 450
431 330
36 759
347 100
438 349
313 802
607 686
169 213
802 240
569 158
697 465
166 449
795 261
599 462
195 457
508 814
204 739
487 593
541 700
48 741
84 630
322 393
279 643
288 281
343 395
54 399
94 189
756 416
106 727
530 424
148 461
275 191
389 646
66 72
529 427
602 611
74 24
276 166
594 361
406 518
67 676
537 593
365 664
714 504
338 731
559 543
503 451
820 391
752 640
219 555
326 781
537 53
669 123
651 720
250 539
381 190
726 231
189 665
752 622
215 614
439 281
499 562
188 580
356 392
531 2
790 755
809 221
686 427
80 783
724 40
653 84
289 159
109 652
165 127
537 62
494 336
8 547
533 639
256 10
371 266
338 65
801 149
433 264
108 142
700 458
313 499
798 81
285 621
253 632
697 341
237 372
476 281
774 421
481 117
197 81
418 500
644 91
370 336
261 90
427 366
585 307
808 783
534 163
113 69
409 549
430 487
721 633
404 360
98 431
225 797
118 810
53 15
662 564
24 326
578 171
320 327
178 797
565 351
744 518
720 590
720 147
72 276
80 583
579 216
282 504
675 812
13 376
381 329
678 161
560 100
816 443
615 5
284 686
360 476
124 429
72 710
63 583
563 413
376 241
381 96
515 424
67 273
340 145
286 632
138 342
455 320
70 500
335 213
803 370
116 814
457 292
667 142
296 102
595 65
687 559
335 689
817 402
649 410
642 607
58 477
520 256
120 142
446 298
319 568
588 426
537 566
41 396
173 759
411 731
470 233
149 54
24 451
562 745
379 60
236 424
471 516
607 75
383 742
125 543
370 204
79 217
615 454
356 785
22 619
726 448
360 558
9 564
437 507
477 745
741 141
301 14
291 637
633 238
129 683
277 365
62 492
449 579
419 212
75 694
666 127
161 489
144 152
695 423
108 494
628 397
477 60
774 50
405 122
207 215
673 205
786 49
398 294
771 82
669 185
770 134
73 127
100 558
157 267
512 294
276 239
691 703
466 557
268 596
180 323
755 209
42 185
765 549
120 750
479 285
120 274
728 295
27 87
31 708
684 388
409 500
586 284
715 496
442 628
197 270
586 824
532 777
24 246
122 335
233 141
33 120
87 165
782 106
678 422
511 804
22 529
758 208
596 43
445 406
108 746
201 658
354 423
611 584
465 179
467 764
452 335
698 35
112 599
810 463
168 798
48 173
673 426
656 627
59 506
4 425
644 696
571 74
245 396
104 186
782 22
749 417
823 357
808 397
40 706
789 96
563 229
468 682
602 645
70 546
658 700
625 695
257 522
638 572
441 392
741 456
653 182
156 708
417 503
604 669
537 422
258 148
562 605
337 771
401 596
568 54
14 585
398 518
788 337
485 348
221 27
559 439
798 803
547 42
51 17
632 756
420 685
55 323
332 401
541 112
579 144
392 70
125 155
286 363
344 494
489 688
666 272
775 360
211 181
620 175
72 34
128 655
625 583
771 183
444 309
341 368
161 423
808 379
735 501
148 561
2 580
444 127
731 143
159 430
236 505
143 607
444 238
652 650
229 214
456 676
7 44
190 788
815 390
692 555
457 529
696 390
226 389
791 60
605 732
533 21
741 402
100 187
780 594
285 791
786 659
396 318
269 520
658 776
60 537
235 402
557 715
341 32
63 153
574 733
352 268
481 104
634 414
672 10
447 290
268 10
568 459
659 321
92 793
674 341
161 433
658 529
807 613
657 493
524 503
365 412
270 523
822 244
553 59
664 541
245 379
496 324
793 498
575 467
228 177
671 497
656 385
819 591
273 268
33 717
722 126
797 443
568 519
590 370
795 160
340 230
215 76
294 49
501 538
255 527
237 496
442 549
82 73
798 403
673 797
359 605
698 783
338 648
425 706
817 606
112 442
350 51
759 326
46 125
781 299
34 691
290 124
722 155
354 340
282 162
155 760
176 379
696 492
127 180
793 598
50 458
72 246
606 631
493 784
397 155
444 686
564 424
565 550
260 240
542 814
580 229
598 689
587 29
419 50
424 754
686 521
304 685
565 179
75 395
702 547
759 566
615 103
321 626
530 189
786 211
309 171
404 164
78 488
320 668
800 662
29 60
510 418
42 620
527 338
329 723
128 93
38 752
332 418
615 576
779 267
263 780
655 62
17 811
822 367
456 639
265 376
67 209
327 111
771 486
239 376
174 709
295 442
703 521
650 647
188 495
248 699
320 344
160 697
682 410
43 306
501 184
447 476
586 139
514 188
145 508
571 309
132 612
205 26
408 271
707 661
743 83
67 73
362 481
786 178
362 631
419 177
112 653
404 368
106 423
806 198
578 337
774 404
669 792
525 51
104 81
469 370
143 58
347 96
556 801
172 363
49 459
602 732
341 296
336 738
606 252
255 392
666 689
131 684
707 209
731 123
415 811
737 151
295 475
736 548
476 698
26 633
744 249
445 81
402 324
258 449
264 595
101 559
817 313
712 668
749 340
736 733
428 508
267 482
452 46
95 735
578 194
270 363
802 258
598 176
528 343
503 436
162 502
592 505
403 439
591 654
278 362
794 755
281 105
305 648
45 95
515 813
522 217
150 654
581 648
492 567
271 357
4 96
779 583
335 397
529 605
732 124
73 297
110 109
60 335
278 39
204 714
764 250
91 413
293 223
39 480
8 268
264 577
653 250
158 125
362 15
276 469
695 757
204 176
261 673
61 196
779 243
54 301
590 147
224 536
538 661
724 491
502 627
11 474
806 44
148 228
245 441
564 409
752 713
255 233
192 560
779 155
102 822
566 426
491 83
630 537
744 311
462 670
136 801
152 346
354 97
779 434
691 308
446 792
69 195
550 201
700 574
562 571
689 385
708 507
584 169
51 2
363 673
461 64
419 432
477 303
78 151
559 218
28 274
504 496
803 195
126 597
125 563
312 347
510 578
350 759
591 479
41 604
390 313
301 146
193 777
527 50
531 55
750 169
115 200
558 785
61 327
815 824
376 796
433 541
171 581
110 6
720 641
461 488
454 604
453 190
532 570
661 52
644 28
187 603
779 775
741 358
669 457
84 193
234 173
255 440
349 366
99 570
481 491
427 454
102 110
340 410
752 421
127 649
221 574
165 785
773 460
187 236
794 316
501 350
547 92
802 460
112 408
19 820
331 179
478 38
563 380
340 821
769 558
185 295
489 438
774 244
7 272
65 380
341 172
768 584
823 146
318 128
705 140
135 545
249 453
429 463
177 577
732 611
648 316
207 179
230 815
674 154
693 238
535 673
209 321
569 622
570 617
308 616
615 85
634 367
174 266
432 810
146 453
239 821
754 635
287 355
552 325
398 520
804 54
171 100
62 320
11 613
708 773
363 764
22 697
770 202
337 436
351 761
800 739
363 653
287 732
697 93
779 745
781 709
655 609
364 318
395 212
205 212
192 642
484 682
654 337
225 444
385 622
545 203
237 649
19 404
520 431
81 360
485 518
126 162
338 61
760 344
685 818
444 443
563 695
214 266
658 212
697 471
132 553
134 203
232 53
86 229
456 723
249 94
721 593
580 353
13 449
327 768
27 685
395 129
608 676
203 655
718 425
556 137
540 755
9 544
302 746
516 177
294 126
8 83
744 264
249 20
557 169
307 193
769 353
458 674
314 728
61 381
305 469
683 547
56 249
94 170
525 554
760 254
198 132
552 3
772 358
424 524
187 56
152 70
445 735
65 238
193 260
199 39
267 448
13 17
821 650
92 526
735 377
422 812
813 618
563 127
430 74
234 593
574 764
772 591
809 195
350 168
410 535
634 613
360 306
231 42
788 260
440 746
130 49
251 568
234 422
199 263
811 385
797 824
562 338
327 99
387 790
684 219
355 727
567 532
18 687
53 511
384 799
169 543
503 100
531 809
625 201
81 340
358 824
821 619
642 111
411 347
123 46
579 799
750 249
363 453
574 534
115 792
641 218
689 25
600 87
84 104
398 328
420 106
774 402
137 482
728 326
175 85
82 621
349 213
368 795
148 169
116 424
443 72
246 74
732 447
256 591
299 220
527 459
72 157
525 159
775 290
191 43
525 364
324 115
270 604
418 405
427 252
791 695
760 89
815 646
125 121
440 767
384 668
231 283
430 456
42 59
407 481
31 512
144 743
677 451
531 456
680 782
243 272
559 30
263 455
432 577
252 66
400 384
755 822
423 712
503 446
160 256
17 393
145 92
577 113
684 698
689 802
564 373
710 311
432 687
470 806
20 113
636 587
366 102
794 478
668 129
597 293
407 794
410 656
267 114
267 569
396 598
150 536
537 573
613 112
172 45
463 483
546 821
532 234
515 82
129 230
114 626
158 319
796 472
340 16
216 425
659 233
305 366
33 735
574 599
90 651
420 610
299 551
548 645
238 600
116 647
172 625
413 377
343 77
257 692
735 572
708 5
490 819
435 261
454 99
555 65
635 584
230 15
285 381
821 782
539 501
815 821
412 469
380 751
788 777
92 366
146 137
2 719
60 794
351 192
709 265
748 289
52 182
342 788
454 203
384 51
40 352
11 244
820 582
106 225
362 119
148 398
205 54
820 34
289 123
435 443
419 341
628 413
276 668
541 152
563 448
157 505
214 522
68 641
89 572
218 50
399 428
588 546
59 795
85 267
455 208
438 381
654 203
396 276
380 369
695 287
203 581
221 382
167 603
89 33
430 420
551 395
370 436
461 278
642 683
292 110
629 387
225 520
23 693
491 86
672 95
528 46
422 585
815 84
47 62
196 337
513 559
203 634
739 668
775 220
524 714
163 5
379 285
821 793
400 741
242 47
298 294
360 587
196 698
514 323
83 761
808 60
426 508
479 266
409 151
584 802
590 537
370 708
573 768
706 31
528 58
505 687
270 564
20 750
439 228
277 249
460 303
94 546
447 786
157 106
801 656
159 229
487 728
236 275
626 506
705 316
798 594
213 210
151 152
452 128
611 483
760 476
29 453
592 570
522 285
409 470
335 762
221 329
4 497
319 86
391 626
253 600
437 626
704 385
798 463
66 796
167 676
258 576
195 817
91 502
515 165
592 561
204 513
25 433
705 236
264 620
288 39
73 553
461 669
497 761
423 28
580 799
373 7
211 212
691 747
230 37
158 219
398 223
183 778
4 741
246 485
285 567
578 305
797 742
673 568
675 323
359 218
622 190
237 537
558 603
209 120
742 759
429 424
507 383
522 158
726 91
599 459
403 716
578 665
207 137
194 238
391 584
250 428
159 700
700 721
740 165
207 62
817 225
195 744
432 662
566 489
752 160
138 63
285 444
52 473
492 736
606 739
355 127
284 756
176 469
696 33
329 83
777 666
767 322
674 148
111 348
404 7
82 361
104 134
748 727
86 479
642 228
556 129
370 172
136 129
176 381
486 640
786 272
788 92
206 516
208 755
48 242
700 14
107 657
107 551
366 519
187 421
133 333
427 221
135 712
413 386
676 182
729 81
98 32
409 443
713 24
716 3
572 280
758 568
134 518
378 214
288 178
489 668
163 735
510 746
639 774
573 761
281 341
547 677
508 338
440 754
268 191
70 375
19 109
739 794
23 504
750 784
240 500
131 500
391 543
31 505
381 431
436 497
42 287
98 285
425 571
764 555
211 669
268 39
414 2
515 126
771 136
168 680
44 446
598 315
363 614
806 83
650 487
725 151
138 211
142 571
566 612
453 271
522 793
682 97
4 568
149 6
523 204
63 31
47 762
235 555
399 412
716 814
698 346
572 714
518 65
812 217
133 440
669 171
283 650
345 660
508 352
437 172
575 609
333 662
737 155
109 111
738 471
63 183
193 487
395 50
514 507
215 519
399 730
177 636
543 270
13 389
69 209
591 15
353 423
685 553
341 787
431 204
659 703
591 643
23 406
376 397
378 264
52 73
732 398
584 346
296 80
151 50
648 733
234 81
197 678
94 343
706 77
725 479
637 770
140 765
676 799
666 344
151 702
632 506
321 343
47 180
801 400
288 333
812 303
312 473
478 549
711 2
363 144
3 232
314 282
761 722
463 656
444 636
414 348
735 793
539 511
574 409
261 567
801 816
788 550
247 723
213 52
820 460
398 293
384 755
663 93
739 20
157 407
123 228
638 517
309 332
305 719
65 803
817 297
196 772
696 582
365 240
302 478
478 703
617 753
289 574
590 145
22 215
777 788
374 241
339 81
234 687
660 636
240 698
247 423
193 532
195 197
3 177
809 532
192 562
190 29
229 46
585 139
513 105
37 540
124 542
14 772
98 578
510 680
526 640
708 760
622 297
538 376
78 479
797 115
427 218
145 63
1 466
627 258
37 207
154 685
375 24
749 310
489 282
145 531
578 501
10 403
356 816
371 823
679 224
295 61
687 241
484 445
304 454
734 306
529 582
270 784
201 527
474 375
471 779
31 706
390 532
600 749
801 9
723 639
560 171
711 411
586 198
146 516
145 532
757 745
815 393
229 278
230 49
505 534
163 248
369 294
386 92
802 96
117 54
762 723
139 67
581 628
428 544
329 30
257 412
225 93
479 373
778 419
635 483
413 678
588 334
381 712
310 342
679 369
355 574
210 487
191 790
640 319
736 649
589 297
607 158
446 715
448 602
160 779
754 721
332 165
702 60
668 527
637 355
753 433
382 326
368 657
310 596
518 594
31 406
598 236
119 481
731 454
476 65
346 162
438 600
366 165
541 202
543 305
232 201
486 185
532 70
606 670
718 372
314 6
118 190
356 42
446 737
824 711
388 24
186 60
21 552
194 12
329 326
419 714
463 322
660 139
399 161
723 54
11 527
525 799
603 451
54 611
181 25
398 529
516 348
721 124
406 44
319 295
146 220
718 238
3 304
202 395
706 292
120 319
627 518
691 392
41 436
113 480
615 601
562 679
729 673
507 407
732 586
782 73
548 257
624 210
734 192
363 121
791 176
633 100
541 510
137 85
394 588
807 543
774 214
670 344
360 484
287 459
380 420
589 642
255 71
637 193
569 353
77 383
577 340
119 307
283 122
672 704
175 503
585 436
417 282
291 599
91 786
386 170
498 359
64 304
40 134
730 71
507 194
452 372
810 264
404 503
581 721
450 373
763 98
376 224
265 774
30 504
254 666
259 365
723 442
778 486
524 185
492 301
202 314
662 299
479 128
229 236
674 381
125 520
772 367
717 655
577 4
740 450
82 167
282 357
302 762
266 507
395 14
596 256
335 429
764 702
714 557
53 509
313 173
243 121
140 471
638 743
108 65
702 256
743 571
688 771
345 570
571 305
735 610
688 56
338 52
585 77
367 693
116 65
467 98
582 354
693 170
125 824
254 318
127 52
224 381
452 399
170 233
206 118
409 221
308 404
394 68
418 94
494 667
661 94
44 4
263 753
742 775
538 482
226 101
38 750
381 473
444 592
691 679
709 11
269 453
213 270
409 309
194 750
387 42
682 497
461 633
479 293
691 325
251 592
511 601
79 752
243 555
673 24
712 45
682 653
704 657
120 35
615 453
530 375
269 596
109 255
685 204
639 669
208 469
171 174
361 678
713 679
716 165
516 103
76 596
596 469
748 563
655 225
717 477
563 263
759 429
9 486
690 330
513 451
752 74
257 602
372 192
618 693
351 26
54 555
328 102
596 352
480 252
280 446
177 188
806 511
165 461
169 93
98 109
603 354
718 811
244 552
716 658
25 597
483 305
824 798
271 407
294 796
781 486
213 361
286 42
46 618
656 37
215 113
438 175
627 795
242 319
639 729
90 656
417 480
626 712
366 573
187 279
424 163
133 266
353 806
125 426
749 613
570 767
95 749
793 238
78 469
140 54
661 474
661 144
170 656
762 541
266 57
659 249
589 317
458 769
497 730
281 604
742 686
288 570
754 280
131 619
636 705
359 42
473 373
660 516
148 238
633 522
212 387
160 302
514 693
642 788
93 384
684 127
98 118
795 132
137 817
412 7
382 123
312 350
370 236
268 559
579 480
27 117
525 796
822 339
635 408
510 720
815 368
564 48
380 164
364 609
291 195
115 519
503 46
293 255
147 547
446 410
340 54
394 561
513 439
737 616
85 624
104 348
448 741
549 418
111 785
682 63
741 650
392 727
393 53
376 731
696 698
217 140
97 561
25 308
388 248
423 668
544 638
694 131
623 214
331 261
43 383
373 599
695 730
768 174
577 478
780 559
233 219
159 231
722 474
610 597
201 115
772 75
354 6
779 612
212 408
395 712
413 233
671 803
475 733
692 785
676 446
184 243
177 581
428 108
600 794
552 650
346 485
823 704
323 103
663 716
501 754
64 610
563 478
377 170
349 543
484 314
178 284
153 142
537 214
262 9
468 120
620 583
664 207
522 814
726 70
214 700
328 410
509 112
614 616
465 490
713 348
347 433
573 696
244 712
282 238
227 282
86 30
237 22
311 426
735 521
43 809
338 81
590 739
76 490
594 798
10 824
737 331
471 267
219 466
536 620
478 796
176 725
268 752
784 533
316 261
627 337
504 636
433 75
365 38
740 54
170 609
282 272
820 561
676 96
731 768
430 773
98 415
228 623
302 600
472 590
469 548
181 106
626 284
223 788
574 4
189 250
33 760
583 277
253 29
806 797
554 208
444 469
501 559
251 548
786 818
593 452
775 163
264 515
715 473
440 423
103 652
416 462
809 183
464 655
801 256
173 345
598 145
103 423
106 473
318 392
107 544
753 341
56 226
101 567
178 247
56 573
808 322
772 787
383 713
113 394
645 433
777 611
692 519
486 194
324 249
324 771
185 597
193 387
66 691
30 480
676 296
148 641
130 56
625 252
465 668
720 180
310 690
684 62
317 366
299 301
583 663
638 781
7 628
165 266
609 537
408 710
227 532
111 182
333 69
729 813
197 783
309 778
433 390
727 109
341 442
180 387
793 185
631 354
189 118
240 583
82 739
463 311
527 468
16 808
680 351
593 696
372 243
358 104
678 388
553 524
699 638
419 352
333 73
502 821
266 2
378 629
34 38
594 430
620 452
626 323
59 476
235 466
761 695
560 497
135 611
463 118
582 349
88 380
1 603
770 331
126 359
441 176
705 57
784 680
737 486
151 76
83 362
512 476
70 595
161 725
272 432
506 264
794 477
176 535
434 262
803 406
554 365
789 87
384 621
3 734
412 59
675 285
144 697
823 141
42 735
84 189
480 512
264 557
230 11
692 98
38 611
667 235
302 393
765 442
52 38
407 548
685 537
271 72
591 292
332 106
685 276
408 448
137 729
248 255
16 586
41 598
152 623
155 336
335 52
103 272
749 723
456 646
36 351
792 74
368 181
149 734
684 498
318 548
375 108
659 139
242 780
684 564
443 699
657 161
587 669
203 577
521 255
717 146
115 341
123 477
451 312
261 242
279 247
137 444
357 755
122 159
430 129
200 122
734 805
779 7
124 49
359 751
402 788
261 782
745 555
345 35
74 508
292 395
537 311
280 776
500 310
320 495
635 309
708 133
447 115
411 421
325 626
643 232
442 36
315 286
282 16
703 766
209 745
363 336
53 121
646 669
133 614
29 224
51 15
198 729
524 483
602 320
101 584
193 661
450 285
408 688
581 347
577 452
243 645
318 284
357 815
89 738
130 420
270 80
812 354
651 804
377 817
817 572
377 159
303 643
579 621
200 117
739 41
2 464
55 773
562 722
376 517
50 484
216 399
587 215
187 798
789 369
386 495
703 254
815 400
49 432
468 218
754 719
102 57
444 323
601 141
217 801
375 8
398 692
592 312
3 196
451 243
259 116
30 693
659 752
458 57
154 644
448 127
752 632
519 803
686 606
763 818
174 697
491 535
241 760
274 614
114 19
643 517
614 630
191 544
433 516
108 565
255 381
788 153
809 372
244 372
389 525
13 145
552 18
238 270
699 703
792 331
409 586
604 350
272 361
258 308
460 344
78 731
542 540
778 693
448 304
344 70
624 78
736 520
736 189
239 687
424 313
481 99
355 195
104 449
299 764
427 399
376 373
775 592
130 705
318 734
816 665
781 308
530 116
42 516
332 82
463 341
